date,team_1,team_2,score_1,score_2,result,tournament,game_url,avg_moneyline_1,avg_moneyline_2,high_moneyline_1,high_moneyline_2
20-07-2024,ATL,NY,82,90,0,NBA_Las_Vegas_Summer_League,usa/nba-las-vegas-summer-league/atlanta-hawks-new-york-knicks-McR0DPSg/,141,-182,160,-169
19-07-2024,CHI,ATL,103,99,1,NBA_Las_Vegas_Summer_League,usa/nba-las-vegas-summer-league/chicago-bulls-atlanta-hawks-OpQhv6bD/,-193,148,-175,164
17-07-2024,ATL,LAL,86,87,0,NBA_Las_Vegas_Summer_League,usa/nba-las-vegas-summer-league/atlanta-hawks-los-angeles-lakers-67l4XcoT/,-257,190,-217,225
14-07-2024,ATL,SA,76,79,0,NBA_Las_Vegas_Summer_League,usa/nba-las-vegas-summer-league/atlanta-hawks-san-antonio-spurs-O2uFDQWr/,-238,179,-196,200
12-07-2024,WSH,ATL,94,88,1,NBA_Las_Vegas_Summer_League,usa/nba-las-vegas-summer-league/washington-wizards-atlanta-hawks-0jD0wBeT/,-253,187,-217,200
17-04-2024,CHI,ATL,131,116,1,NBA_2023/2024,usa/nba-2023-2024/chicago-bulls-atlanta-hawks-W6ZoUMB7/,-151,127,-147,131
14-04-2024,IND,ATL,157,115,1,NBA_2023/2024,usa/nba-2023-2024/indiana-pacers-atlanta-hawks-6NUn9RKe/,-949,628,-833,725
12-04-2024,MIN,ATL,109,106,1,NBA_2023/2024,usa/nba-2023-2024/minnesota-timberwolves-atlanta-hawks-Yei6dlyj/,-726,505,-667,571
10-04-2024,ATL,CHA,114,115,0,NBA_2023/2024,usa/nba-2023-2024/atlanta-hawks-charlotte-hornets-rm2x7sgt/,-389,303,-370,351
09-04-2024,ATL,MIA,111,117,0,NBA_2023/2024,usa/nba-2023-2024/atlanta-hawks-miami-heat-f50ybM0J/,135,-161,144,-149
06-04-2024,DEN,ATL,142,110,1,NBA_2023/2024,usa/nba-2023-2024/denver-nuggets-atlanta-hawks-2VJtj72r/,-670,472,-588,525
04-04-2024,DAL,ATL,109,95,1,NBA_2023/2024,usa/nba-2023-2024/dallas-mavericks-atlanta-hawks-zR6EnYej/,-667,479,-556,528
03-04-2024,ATL,DET,121,113,1,NBA_2023/2024,usa/nba-2023-2024/atlanta-hawks-detroit-pistons-ETByoLKo/,-650,467,-588,503
01-04-2024,CHI,ATL,101,113,0,NBA_2023/2024,usa/nba-2023-2024/chicago-bulls-atlanta-hawks-xYuhEvjO/,-129,109,-125,117
30-03-2024,ATL,MIL,113,122,0,NBA_2023/2024,usa/nba-2023-2024/atlanta-hawks-milwaukee-bucks-bJbiIVpr/,163,-196,181,-182
28-03-2024,ATL,BOS,123,122,1,NBA_2023/2024,usa/nba-2023-2024/atlanta-hawks-boston-celtics-4rbqkXGe/,723,-1171,850,-1000
27-03-2024,ATL,POR,120,106,1,NBA_2023/2024,usa/nba-2023-2024/atlanta-hawks-portland-trail-blazers-KU4e0cPd/,-663,468,-625,501
25-03-2024,ATL,BOS,120,118,1,NBA_2023/2024,usa/nba-2023-2024/atlanta-hawks-boston-celtics-lAtl0x8a/,383,-518,440,-476
23-03-2024,ATL,CHA,132,91,1,NBA_2023/2024,usa/nba-2023-2024/atlanta-hawks-charlotte-hornets-6ROckLgs/,-295,237,-278,270
21-03-2024,PHX,ATL,128,115,1,NBA_2023/2024,usa/nba-2023-2024/phoenix-suns-atlanta-hawks-Wlj0trHQ/,-410,321,-370,370
18-03-2024,LAL,ATL,136,105,1,NBA_2023/2024,usa/nba-2023-2024/los-angeles-lakers-atlanta-hawks-nLQwTXtA/,-433,337,-400,379
17-03-2024,LAC,ATL,93,110,0,NBA_2023/2024,usa/nba-2023-2024/los-angeles-clippers-atlanta-hawks-YH04EYRG/,-458,349,-435,363
15-03-2024,UTAH,ATL,124,122,1,NBA_2023/2024,usa/nba-2023-2024/utah-jazz-atlanta-hawks-QcI5xuFa/,100,-118,108,-110
13-03-2024,POR,ATL,106,102,1,NBA_2023/2024,usa/nba-2023-2024/portland-trail-blazers-atlanta-hawks-KxFcrAoL/,151,-185,161,-175
10-03-2024,ATL,NO,103,116,0,NBA_2023/2024,usa/nba-2023-2024/atlanta-hawks-new-orleans-pelicans-lpcFX6z1/,202,-248,215,-233
08-03-2024,MEM,ATL,92,99,0,NBA_2023/2024,usa/nba-2023-2024/memphis-grizzlies-atlanta-hawks-h4vCxdMS/,131,-154,141,-147
06-03-2024,ATL,CLE,112,101,1,NBA_2023/2024,usa/nba-2023-2024/atlanta-hawks-cleveland-cavaliers-nJoN6wWp/,-145,125,-133,138
05-03-2024,NY,ATL,100,116,0,NBA_2023/2024,usa/nba-2023-2024/new-york-knicks-atlanta-hawks-ro3vF1O4/,-122,104,-111,108
02-03-2024,BKN,ATL,114,102,1,NBA_2023/2024,usa/nba-2023-2024/brooklyn-nets-atlanta-hawks-GdWl8gBK/,-105,-111,-101,-102
29-02-2024,BKN,ATL,124,97,1,NBA_2023/2024,usa/nba-2023-2024/brooklyn-nets-atlanta-hawks-vwQFkQwd/,-116,-101,-109,104
27-02-2024,ATL,UTAH,124,97,1,NBA_2023/2024,usa/nba-2023-2024/atlanta-hawks-utah-jazz-KC5doBnA/,-128,108,-119,116
25-02-2024,ATL,ORL,109,92,1,NBA_2023/2024,usa/nba-2023-2024/atlanta-hawks-orlando-magic-YZFwhM3P/,-128,108,-123,114
23-02-2024,ATL,TOR,121,123,0,NBA_2023/2024,usa/nba-2023-2024/atlanta-hawks-toronto-raptors-2c8I4cbh/,-302,239,-270,261
14-02-2024,CHA,ATL,122,99,1,NBA_2023/2024,usa/nba-2023-2024/charlotte-hornets-atlanta-hawks-Ey4Cih8j/,215,-268,229,-256
12-02-2024,ATL,CHI,126,136,0,NBA_2023/2024,usa/nba-2023-2024/atlanta-hawks-chicago-bulls-IVN2oHoH/,-194,160,-175,177
10-02-2024,ATL,HOU,122,113,1,NBA_2023/2024,usa/nba-2023-2024/atlanta-hawks-houston-rockets-z344z4Jf/,-281,222,-263,239
09-02-2024,PHI,ATL,121,127,0,NBA_2023/2024,usa/nba-2023-2024/philadelphia-76ers-atlanta-hawks-462Qq25S/,135,-160,152,-152
07-02-2024,BOS,ATL,125,117,1,NBA_2023/2024,usa/nba-2023-2024/boston-celtics-atlanta-hawks-G2yXZQy4/,-723,496,-625,528
05-02-2024,ATL,LAC,144,149,0,NBA_2023/2024,usa/nba-2023-2024/atlanta-hawks-los-angeles-clippers-lzdhOTxh/,146,-175,154,-169
03-02-2024,ATL,GSW,141,134,1,NBA_2023/2024,usa/nba-2023-2024/atlanta-hawks-golden-state-warriors-YoKr8Hnf/,-131,111,-119,118
02-02-2024,ATL,PHX,129,120,1,NBA_2023/2024,usa/nba-2023-2024/atlanta-hawks-phoenix-suns-vPb9gIX0/,128,-152,139,-143
30-01-2024,ATL,LAL,138,122,1,NBA_2023/2024,usa/nba-2023-2024/atlanta-hawks-los-angeles-lakers-6yphU14k/,-221,180,-208,189
28-01-2024,ATL,TOR,126,125,1,NBA_2023/2024,usa/nba-2023-2024/atlanta-hawks-toronto-raptors-E3QiAERF/,-237,191,-222,200
26-01-2024,ATL,DAL,143,148,0,NBA_2023/2024,usa/nba-2023-2024/atlanta-hawks-dallas-mavericks-b93JRmRg/,-129,109,-115,120
24-01-2024,GSW,ATL,134,112,1,NBA_2023/2024,usa/nba-2023-2024/golden-state-warriors-atlanta-hawks-p6wpDlC0/,-239,197,-217,208
22-01-2024,SAC,ATL,122,107,1,NBA_2023/2024,usa/nba-2023-2024/sacramento-kings-atlanta-hawks-rcmRJaTF/,-340,270,-312,293
20-01-2024,ATL,CLE,95,116,0,NBA_2023/2024,usa/nba-2023-2024/atlanta-hawks-cleveland-cavaliers-jmzQj1aT/,112,-133,120,-125
19-01-2024,MIA,ATL,108,109,0,NBA_2023/2024,usa/nba-2023-2024/miami-heat-atlanta-hawks-l4mFY1wo/,-282,228,-256,250
17-01-2024,ATL,ORL,106,104,1,NBA_2023/2024,usa/nba-2023-2024/atlanta-hawks-orlando-magic-fwKnsZPm/,-175,147,-169,152
15-01-2024,ATL,SA,109,99,1,NBA_2023/2024,usa/nba-2023-2024/atlanta-hawks-san-antonio-spurs-MeEDUetr/,-336,270,-303,296
13-01-2024,ATL,WSH,99,127,0,NBA_2023/2024,usa/nba-2023-2024/atlanta-hawks-washington-wizards-lrY41cCe/,-320,257,-303,285
12-01-2024,ATL,IND,108,126,0,NBA_2023/2024,usa/nba-2023-2024/atlanta-hawks-indiana-pacers-4xHT3VGd/,-217,179,-196,189
10-01-2024,ATL,PHI,139,132,1,NBA_2023/2024,usa/nba-2023-2024/atlanta-hawks-philadelphia-76ers-YJJEji6a/,-114,-102,-111,106
07-01-2024,ORL,ATL,117,110,1,NBA_2023/2024,usa/nba-2023-2024/orlando-magic-atlanta-hawks-lftYsNNR/,118,-138,125,-125
05-01-2024,IND,ATL,150,116,1,NBA_2023/2024,usa/nba-2023-2024/indiana-pacers-atlanta-hawks-M5sIGpPS/,-140,120,-133,131
03-01-2024,ATL,OKC,141,138,1,NBA_2023/2024,usa/nba-2023-2024/atlanta-hawks-oklahoma-city-thunder-vNPR5TAA/,-112,-104,-103,100
31-12-2023,WSH,ATL,126,130,0,NBA_2023/2024,usa/nba-2023-2024/washington-wizards-atlanta-hawks-Esu4fu6s/,208,-250,238,-227
29-12-2023,ATL,SAC,110,117,0,NBA_2023/2024,usa/nba-2023-2024/atlanta-hawks-sacramento-kings-UkujmObE/,-101,-116,104,-108
26-12-2023,CHI,ATL,118,113,1,NBA_2023/2024,usa/nba-2023-2024/chicago-bulls-atlanta-hawks-hCAmTsjo/,114,-134,125,-128
23-12-2023,ATL,MEM,119,125,0,NBA_2023/2024,usa/nba-2023-2024/atlanta-hawks-memphis-grizzlies-Qs2RNnE5/,-123,105,-115,112
22-12-2023,MIA,ATL,122,113,1,NBA_2023/2024,usa/nba-2023-2024/miami-heat-atlanta-hawks-8pGeATq6/,-115,-102,-108,104
20-12-2023,HOU,ATL,127,134,0,NBA_2023/2024,usa/nba-2023-2024/houston-rockets-atlanta-hawks-Q1b5aCVm/,-142,121,-133,131
18-12-2023,ATL,DET,130,124,1,NBA_2023/2024,usa/nba-2023-2024/atlanta-hawks-detroit-pistons-2mNiptQq/,-629,458,-556,524
16-12-2023,CLE,ATL,127,119,1,NBA_2023/2024,usa/nba-2023-2024/cleveland-cavaliers-atlanta-hawks-2D6rJ3Rp/,-184,155,-167,167
15-12-2023,TOR,ATL,104,125,0,NBA_2023/2024,usa/nba-2023-2024/toronto-raptors-atlanta-hawks-G6Rokanh/,-124,106,-118,110
13-12-2023,TOR,ATL,135,128,1,NBA_2023/2024,usa/nba-2023-2024/toronto-raptors-atlanta-hawks-MqSsjuXo/,-135,115,-127,123
11-12-2023,ATL,DEN,122,129,0,NBA_2023/2024,usa/nba-2023-2024/atlanta-hawks-denver-nuggets-vZ9H81jB/,129,-152,140,-141
08-12-2023,PHI,ATL,125,114,1,NBA_2023/2024,usa/nba-2023-2024/philadelphia-76ers-atlanta-hawks-nNN0CkfB/,-386,304,-345,333
06-12-2023,ATL,BKN,113,114,0,NBA_2023/2024,usa/nba-2023-2024/atlanta-hawks-brooklyn-nets-YHh373CE/,-161,136,-154,144
02-12-2023,MIL,ATL,132,121,1,NBA_2023/2024,usa/nba-2023-2024/milwaukee-bucks-atlanta-hawks-vDYtdO65/,-251,206,-238,223
30-11-2023,SA,ATL,135,137,0,NBA_2023/2024,usa/nba-2023-2024/san-antonio-spurs-atlanta-hawks-IwInnmws/,203,-247,223,-227
28-11-2023,CLE,ATL,128,105,1,NBA_2023/2024,usa/nba-2023-2024/cleveland-cavaliers-atlanta-hawks-KhaIUY40/,-179,153,-169,166
26-11-2023,BOS,ATL,113,103,1,NBA_2023/2024,usa/nba-2023-2024/boston-celtics-atlanta-hawks-phbBHyYk/,-291,238,-278,270
25-11-2023,WSH,ATL,108,136,0,NBA_2023/2024,usa/nba-2023-2024/washington-wizards-atlanta-hawks-vw0TPaQ9/,272,-340,295,-312
22-11-2023,ATL,BKN,147,145,1,NBA_2023/2024,usa/nba-2023-2024/atlanta-hawks-brooklyn-nets-xplZFOdo/,-151,130,-122,140
21-11-2023,ATL,IND,152,157,0,NBA_2023/2024,usa/nba-2023-2024/atlanta-hawks-indiana-pacers-U365XzLs/,-160,137,-147,144
17-11-2023,ATL,PHI,116,126,0,NBA_2023/2024,usa/nba-2023-2024/atlanta-hawks-philadelphia-76ers-bHqYkqy9/,102,-119,110,-108
15-11-2023,ATL,NY,114,116,0,NBA_2023/2024,usa/nba-2023-2024/atlanta-hawks-new-york-knicks-SIGUoPQ7/,-117,100,-109,110
14-11-2023,DET,ATL,120,126,0,NBA_2023/2024,usa/nba-2023-2024/detroit-pistons-atlanta-hawks-bRnnSuq2/,156,-186,163,-175
11-11-2023,ATL,MIA,109,117,0,NBA_2023/2024,usa/nba-2023-2024/atlanta-hawks-miami-heat-Sz6dqW49/,-307,247,-270,260
09-11-2023,ORL,ATL,119,120,0,NBA_2023/2024,usa/nba-2023-2024/orlando-magic-atlanta-hawks-8Ykeohzc/,134,-158,144,-152
06-11-2023,OKC,ATL,126,117,1,NBA_2023/2024,usa/nba-2023-2024/oklahoma-city-thunder-atlanta-hawks-veTpVupa/,-107,-108,-101,100
04-11-2023,NO,ATL,105,123,0,NBA_2023/2024,usa/nba-2023-2024/new-orleans-pelicans-atlanta-hawks-WfDX4qWg/,-128,109,-118,120
01-11-2023,ATL,WSH,130,121,1,NBA_2023/2024,usa/nba-2023-2024/atlanta-hawks-washington-wizards-G0GB0nP1/,-456,352,-417,375
30-10-2023,ATL,MIN,127,113,1,NBA_2023/2024,usa/nba-2023-2024/atlanta-hawks-minnesota-timberwolves-zqv05yBT/,115,-134,125,-130
29-10-2023,MIL,ATL,110,127,0,NBA_2023/2024,usa/nba-2023-2024/milwaukee-bucks-atlanta-hawks-KnpXBLRo/,-250,205,-227,220
27-10-2023,ATL,NY,120,126,0,NBA_2023/2024,usa/nba-2023-2024/atlanta-hawks-new-york-knicks-tSHWrNca/,-104,-111,100,-103
25-10-2023,CHA,ATL,116,110,1,NBA_2023/2024,usa/nba-2023-2024/charlotte-hornets-atlanta-hawks-QwpRRUM7/,150,-176,174,-169
20-10-2023,PHI,ATL,120,106,1,NBA_2023/2024,usa/nba-2023-2024/philadelphia-76ers-atlanta-hawks-M3UcLxy7/,-129,100,-120,112
16-10-2023,IND,ATL,116,112,1,NBA_2023/2024,usa/nba-2023-2024/indiana-pacers-atlanta-hawks-pKMMpg4I/,-227,173,-204,185
14-10-2023,ATL,NO,110,105,1,NBA_2023/2024,usa/nba-2023-2024/atlanta-hawks-new-orleans-pelicans-M5LQu4Ij/,-114,-109,-105,100
12-10-2023,ATL,MEM,103,102,1,NBA_2023/2024,usa/nba-2023-2024/atlanta-hawks-memphis-grizzlies-z9o0f3Xq/,-166,129,-125,144
10-10-2023,ATL,CLE,108,107,1,NBA_2023/2024,usa/nba-2023-2024/atlanta-hawks-cleveland-cavaliers-A3Lx8M1q/,-129,100,-120,110
16-07-2023,DAL,ATL,101,80,1,NBA_Las_Vegas_Summer_League_2023,usa/nba-las-vegas-summer-league-2023/dallas-mavericks-atlanta-hawks-COuiwZTH/,-151,117,-143,129
13-07-2023,ATL,PHI,99,98,1,NBA_Las_Vegas_Summer_League_2023,usa/nba-las-vegas-summer-league-2023/atlanta-hawks-philadelphia-76ers-QPtzupsN/,112,-143,121,-135
12-07-2023,ATL,MIN,99,93,1,NBA_Las_Vegas_Summer_League_2023,usa/nba-las-vegas-summer-league-2023/atlanta-hawks-minnesota-timberwolves-C2I6wX5I/,-132,103,-123,110
09-07-2023,DEN,ATL,93,98,0,NBA_Las_Vegas_Summer_League_2023,usa/nba-las-vegas-summer-league-2023/denver-nuggets-atlanta-hawks-vV73VH7s/,102,-131,112,-125
07-07-2023,ATL,SAC,76,80,0,NBA_Las_Vegas_Summer_League_2023,usa/nba-las-vegas-summer-league-2023/atlanta-hawks-sacramento-kings-K6Ce2Jwe/,-162,127,-145,145
27-04-2023,ATL,BOS,120,128,0,NBA_2022/2023,usa/nba-2022-2023/atlanta-hawks-boston-celtics-CYduXDuO/,234,-290,256,-270
25-04-2023,BOS,ATL,117,119,0,NBA_2022/2023,usa/nba-2022-2023/boston-celtics-atlanta-hawks-Y7LW9O1S/,-876,598,-769,769
23-04-2023,ATL,BOS,121,129,0,NBA_2022/2023,usa/nba-2022-2023/atlanta-hawks-boston-celtics-6VtAelB0/,240,-296,260,-270
21-04-2023,ATL,BOS,130,122,1,NBA_2022/2023,usa/nba-2022-2023/atlanta-hawks-boston-celtics-C8s6dUef/,187,-225,206,-208
18-04-2023,BOS,ATL,119,106,1,NBA_2022/2023,usa/nba-2022-2023/boston-celtics-atlanta-hawks-b5w2cAtl/,-504,392,-455,454
15-04-2023,BOS,ATL,112,99,1,NBA_2022/2023,usa/nba-2022-2023/boston-celtics-atlanta-hawks-Yi5qfqZn/,-465,361,-435,409
11-04-2023,MIA,ATL,105,116,0,NBA_2022/2023,usa/nba-2022-2023/miami-heat-atlanta-hawks-jBKjXRzs/,-217,181,-200,200
09-04-2023,BOS,ATL,120,114,1,NBA_2022/2023,usa/nba-2022-2023/boston-celtics-atlanta-hawks-fRRwXNs6/,-192,163,-175,172
07-04-2023,ATL,PHI,131,136,0,NBA_2022/2023,usa/nba-2022-2023/atlanta-hawks-philadelphia-76ers-zBW3Kpb0/,-686,490,-625,560
05-04-2023,ATL,WSH,134,116,1,NBA_2022/2023,usa/nba-2022-2023/atlanta-hawks-washington-wizards-KCepReFF/,-789,554,-714,630
04-04-2023,CHI,ATL,105,123,0,NBA_2022/2023,usa/nba-2022-2023/chicago-bulls-atlanta-hawks-SIW6DxoG/,-223,185,-204,198
02-04-2023,ATL,DAL,132,130,1,NBA_2022/2023,usa/nba-2022-2023/atlanta-hawks-dallas-mavericks-vNqG4s2o/,-153,130,-143,137
31-03-2023,BKN,ATL,124,107,1,NBA_2022/2023,usa/nba-2022-2023/brooklyn-nets-atlanta-hawks-2FXK1KU6/,101,-118,110,-111
28-03-2023,ATL,CLE,120,118,1,NBA_2022/2023,usa/nba-2022-2023/atlanta-hawks-cleveland-cavaliers-fFD3x41e/,-149,127,-137,135
26-03-2023,ATL,MEM,119,123,0,NBA_2022/2023,usa/nba-2022-2023/atlanta-hawks-memphis-grizzlies-lf6wYlA9/,109,-128,118,-118
25-03-2023,ATL,IND,143,130,1,NBA_2022/2023,usa/nba-2022-2023/atlanta-hawks-indiana-pacers-zmA2WyZ4/,-478,364,-385,390
22-03-2023,MIN,ATL,125,124,1,NBA_2022/2023,usa/nba-2022-2023/minnesota-timberwolves-atlanta-hawks-dSs23w5I/,-176,150,-159,171
21-03-2023,ATL,DET,129,107,1,NBA_2022/2023,usa/nba-2022-2023/atlanta-hawks-detroit-pistons-nTYFit66/,-902,609,-769,769
19-03-2023,SA,ATL,126,118,1,NBA_2022/2023,usa/nba-2022-2023/san-antonio-spurs-atlanta-hawks-4pHPtPil/,359,-465,409,-435
17-03-2023,ATL,GSW,127,119,1,NBA_2022/2023,usa/nba-2022-2023/atlanta-hawks-golden-state-warriors-ltRPt4zi/,-155,132,-143,144
13-03-2023,ATL,MIN,115,136,0,NBA_2022/2023,usa/nba-2022-2023/atlanta-hawks-minnesota-timberwolves-bcBDFCJ1/,-192,162,-175,175
11-03-2023,ATL,BOS,125,134,0,NBA_2022/2023,usa/nba-2022-2023/atlanta-hawks-boston-celtics-AFVgMNzH/,165,-193,181,-182
10-03-2023,WSH,ATL,107,114,0,NBA_2022/2023,usa/nba-2022-2023/washington-wizards-atlanta-hawks-W8rS7OLN/,100,-118,108,-114
08-03-2023,WSH,ATL,120,122,0,NBA_2022/2023,usa/nba-2022-2023/washington-wizards-atlanta-hawks-AZRXcmha/,124,-148,131,-143
06-03-2023,MIA,ATL,130,128,1,NBA_2022/2023,usa/nba-2022-2023/miami-heat-atlanta-hawks-dlgioA8g/,-137,116,-128,124
04-03-2023,MIA,ATL,117,109,1,NBA_2022/2023,usa/nba-2022-2023/miami-heat-atlanta-hawks-UN4lVcIe/,-141,120,-123,133
03-03-2023,ATL,POR,129,111,1,NBA_2022/2023,usa/nba-2022-2023/atlanta-hawks-portland-trail-blazers-8fy7IKYk/,-311,250,-278,269
28-02-2023,ATL,WSH,116,119,0,NBA_2022/2023,usa/nba-2022-2023/atlanta-hawks-washington-wizards-bZlCR3f6/,-295,244,-270,256
26-02-2023,ATL,BKN,129,127,1,NBA_2022/2023,usa/nba-2022-2023/atlanta-hawks-brooklyn-nets-pdfYF6ef/,-251,209,-222,222
24-02-2023,ATL,CLE,136,119,1,NBA_2022/2023,usa/nba-2022-2023/atlanta-hawks-cleveland-cavaliers-290BABJE/,-109,-106,-102,100
15-02-2023,ATL,NY,101,122,0,NBA_2022/2023,usa/nba-2022-2023/atlanta-hawks-new-york-knicks-xUacc1qb/,-167,144,-164,154
13-02-2023,CHA,ATL,144,138,1,NBA_2022/2023,usa/nba-2022-2023/charlotte-hornets-atlanta-hawks-MwBtWOpa/,181,-214,200,-200
11-02-2023,ATL,SA,125,106,1,NBA_2022/2023,usa/nba-2022-2023/atlanta-hawks-san-antonio-spurs-42vGF30I/,-728,533,-667,600
09-02-2023,ATL,PHX,116,107,1,NBA_2022/2023,usa/nba-2022-2023/atlanta-hawks-phoenix-suns-SrzmQdI8/,-305,252,-286,270
07-02-2023,NO,ATL,116,107,1,NBA_2022/2023,usa/nba-2022-2023/new-orleans-pelicans-atlanta-hawks-KEEf3Egb/,-113,-103,-105,100
04-02-2023,DEN,ATL,128,108,1,NBA_2022/2023,usa/nba-2022-2023/denver-nuggets-atlanta-hawks-xYipm230/,-455,357,-435,409
03-02-2023,UTAH,ATL,108,115,0,NBA_2022/2023,usa/nba-2022-2023/utah-jazz-atlanta-hawks-rcD7ZrZ0/,-119,102,-115,110
01-02-2023,PHX,ATL,100,132,0,NBA_2022/2023,usa/nba-2022-2023/phoenix-suns-atlanta-hawks-jwchUmcL/,-115,-101,-105,106
30-01-2023,POR,ATL,129,125,1,NBA_2022/2023,usa/nba-2022-2023/portland-trail-blazers-atlanta-hawks-UkRbKCTd/,-204,172,-189,181
28-01-2023,ATL,LAC,113,120,0,NBA_2022/2023,usa/nba-2022-2023/atlanta-hawks-los-angeles-clippers-xxrd40wa/,-118,100,-112,106
25-01-2023,OKC,ATL,132,137,0,NBA_2022/2023,usa/nba-2022-2023/oklahoma-city-thunder-atlanta-hawks-8KdrgFD0/,102,-119,112,-112
23-01-2023,CHI,ATL,111,100,1,NBA_2022/2023,usa/nba-2022-2023/chicago-bulls-atlanta-hawks-CK3yvq8d/,-117,100,-110,106
21-01-2023,ATL,CHA,118,122,0,NBA_2022/2023,usa/nba-2022-2023/atlanta-hawks-charlotte-hornets-SSaJX7oN/,-300,243,-278,265
20-01-2023,ATL,NY,139,124,1,NBA_2022/2023,usa/nba-2022-2023/atlanta-hawks-new-york-knicks-vqutKlHN/,-153,131,-145,142
18-01-2023,DAL,ATL,122,130,0,NBA_2022/2023,usa/nba-2022-2023/dallas-mavericks-atlanta-hawks-Wb9nADma/,-141,120,-133,135
16-01-2023,ATL,MIA,121,113,1,NBA_2022/2023,usa/nba-2022-2023/atlanta-hawks-miami-heat-IyoJ80Cf/,-109,-107,-101,100
14-01-2023,TOR,ATL,103,114,0,NBA_2022/2023,usa/nba-2022-2023/toronto-raptors-atlanta-hawks-6o5UFiw4/,-291,239,-250,257
13-01-2023,IND,ATL,111,113,0,NBA_2022/2023,usa/nba-2022-2023/indiana-pacers-atlanta-hawks-8OK6hlMd/,135,-159,150,-154
11-01-2023,ATL,MIL,105,114,0,NBA_2022/2023,usa/nba-2022-2023/atlanta-hawks-milwaukee-bucks-Uc5Cx0Fa/,153,-179,168,-172
08-01-2023,LAC,ATL,108,112,0,NBA_2022/2023,usa/nba-2022-2023/los-angeles-clippers-atlanta-hawks-2PMpoX12/,-130,112,-123,125
06-01-2023,LAL,ATL,130,114,1,NBA_2022/2023,usa/nba-2022-2023/los-angeles-lakers-atlanta-hawks-WAcMRNqp/,122,-145,133,-133
04-01-2023,SAC,ATL,117,120,0,NBA_2022/2023,usa/nba-2022-2023/sacramento-kings-atlanta-hawks-Cxa0MS74/,-121,102,-112,108
02-01-2023,GSW,ATL,143,141,1,NBA_2022/2023,usa/nba-2022-2023/golden-state-warriors-atlanta-hawks-b1eb6GH6/,-118,100,-111,110
30-12-2022,ATL,LAL,121,130,0,NBA_2022/2023,usa/nba-2022-2023/atlanta-hawks-los-angeles-lakers-O0znj4R8/,-235,194,-222,206
28-12-2022,ATL,BKN,107,108,0,NBA_2022/2023,usa/nba-2022-2023/atlanta-hawks-brooklyn-nets-MHVNS9Tp/,243,-300,254,-263
27-12-2022,IND,ATL,129,114,1,NBA_2022/2023,usa/nba-2022-2023/indiana-pacers-atlanta-hawks-SffSwzxn/,104,-124,110,-112
23-12-2022,ATL,DET,130,105,1,NBA_2022/2023,usa/nba-2022-2023/atlanta-hawks-detroit-pistons-KWLnEkcf/,-439,343,-400,372
21-12-2022,ATL,CHI,108,110,0,NBA_2022/2023,usa/nba-2022-2023/atlanta-hawks-chicago-bulls-EDVXJKTF/,-199,166,-189,181
19-12-2022,ATL,ORL,126,125,1,NBA_2022/2023,usa/nba-2022-2023/atlanta-hawks-orlando-magic-jZzeo0Nj/,-367,291,-312,320
16-12-2022,CHA,ATL,106,125,0,NBA_2022/2023,usa/nba-2022-2023/charlotte-hornets-atlanta-hawks-Khe2uYf0/,-138,117,-133,125
14-12-2022,ORL,ATL,135,124,1,NBA_2022/2023,usa/nba-2022-2023/orlando-magic-atlanta-hawks-boeAMJlL/,124,-146,136,-139
12-12-2022,MEM,ATL,128,103,1,NBA_2022/2023,usa/nba-2022-2023/memphis-grizzlies-atlanta-hawks-j1TKB2z3/,-419,327,-357,350
11-12-2022,ATL,CHI,123,122,1,NBA_2022/2023,usa/nba-2022-2023/atlanta-hawks-chicago-bulls-0C0S5Cnp/,-159,134,-147,141
09-12-2022,BKN,ATL,120,116,1,NBA_2022/2023,usa/nba-2022-2023/brooklyn-nets-atlanta-hawks-ANykd2JI/,-306,245,-270,252
07-12-2022,NY,ATL,113,89,1,NBA_2022/2023,usa/nba-2022-2023/new-york-knicks-atlanta-hawks-Y35enRkf/,-133,112,-125,125
05-12-2022,ATL,OKC,114,121,0,NBA_2022/2023,usa/nba-2022-2023/atlanta-hawks-oklahoma-city-thunder-boiDZm6l/,-242,200,-217,206
02-12-2022,ATL,DEN,117,109,1,NBA_2022/2023,usa/nba-2022-2023/atlanta-hawks-denver-nuggets-ptIBVs9o/,162,-191,177,-172
30-11-2022,ORL,ATL,108,125,0,NBA_2022/2023,usa/nba-2022-2023/orlando-magic-atlanta-hawks-QN9GasPH/,205,-250,217,-227
28-11-2022,PHI,ATL,104,101,1,NBA_2022/2023,usa/nba-2022-2023/philadelphia-76ers-atlanta-hawks-4UfS2hZs/,-140,119,-133,134
27-11-2022,ATL,MIA,98,106,0,NBA_2022/2023,usa/nba-2022-2023/atlanta-hawks-miami-heat-dOo32ON1/,-172,146,-154,175
25-11-2022,HOU,ATL,128,122,1,NBA_2022/2023,usa/nba-2022-2023/houston-rockets-atlanta-hawks-IeTscToM/,230,-281,252,-263
23-11-2022,ATL,SAC,115,106,1,NBA_2022/2023,usa/nba-2022-2023/atlanta-hawks-sacramento-kings-lf0jlY2i/,-184,156,-175,168
21-11-2022,CLE,ATL,114,102,1,NBA_2022/2023,usa/nba-2022-2023/cleveland-cavaliers-atlanta-hawks-Y5SpXuSa/,-154,131,-145,144
19-11-2022,ATL,TOR,124,122,1,NBA_2022/2023,usa/nba-2022-2023/atlanta-hawks-toronto-raptors-jaOCUGtr/,-208,174,-196,190
16-11-2022,ATL,BOS,101,126,0,NBA_2022/2023,usa/nba-2022-2023/atlanta-hawks-boston-celtics-v9UgmbH4/,-106,-112,106,-108
14-11-2022,MIL,ATL,106,121,0,NBA_2022/2023,usa/nba-2022-2023/milwaukee-bucks-atlanta-hawks-4z2LjC6a/,-169,143,-149,158
12-11-2022,PHI,ATL,121,109,1,NBA_2022/2023,usa/nba-2022-2023/philadelphia-76ers-atlanta-hawks-nJTFZJV7/,-145,122,-139,134
10-11-2022,ATL,PHI,104,95,1,NBA_2022/2023,usa/nba-2022-2023/atlanta-hawks-philadelphia-76ers-29jTPr2q/,-115,-104,-110,106
09-11-2022,ATL,UTAH,119,125,0,NBA_2022/2023,usa/nba-2022-2023/atlanta-hawks-utah-jazz-6PPOG5PS/,-178,149,-167,168
07-11-2022,ATL,MIL,117,98,1,NBA_2022/2023,usa/nba-2022-2023/atlanta-hawks-milwaukee-bucks-rNCY5lBA/,171,-209,179,-189
05-11-2022,ATL,NO,124,121,1,NBA_2022/2023,usa/nba-2022-2023/atlanta-hawks-new-orleans-pelicans-dh1IDuDJ/,-129,108,-118,125
02-11-2022,NY,ATL,99,112,0,NBA_2022/2023,usa/nba-2022-2023/new-york-knicks-atlanta-hawks-Shy7QLi1/,-138,116,-130,125
31-10-2022,TOR,ATL,139,109,1,NBA_2022/2023,usa/nba-2022-2023/toronto-raptors-atlanta-hawks-YBqjf6Ul/,-129,109,-125,120
29-10-2022,MIL,ATL,123,115,1,NBA_2022/2023,usa/nba-2022-2023/milwaukee-bucks-atlanta-hawks-hvFByRr5/,-221,175,-213,185
28-10-2022,DET,ATL,112,136,0,NBA_2022/2023,usa/nba-2022-2023/detroit-pistons-atlanta-hawks-Ot6kWV6P/,192,-236,202,-217
26-10-2022,DET,ATL,113,118,0,NBA_2022/2023,usa/nba-2022-2023/detroit-pistons-atlanta-hawks-bswTekVC/,240,-301,254,-270
23-10-2022,ATL,CHA,109,126,0,NBA_2022/2023,usa/nba-2022-2023/atlanta-hawks-charlotte-hornets-GIik7OXd/,-470,358,-435,409
21-10-2022,ATL,ORL,108,98,1,NBA_2022/2023,usa/nba-2022-2023/atlanta-hawks-orlando-magic-fZZqu6l4/,-386,303,-357,332
19-10-2022,ATL,HOU,117,107,1,NBA_2022/2023,usa/nba-2022-2023/atlanta-hawks-houston-rockets-MN6rNXSI/,-524,390,-455,425
14-10-2022,ATL,NO,111,120,0,NBA_2022/2023,usa/nba-2022-2023/atlanta-hawks-new-orleans-pelicans-nTQs0Jqk/,104,-138,116,-122
12-10-2022,CLE,ATL,105,99,1,NBA_2022/2023,usa/nba-2022-2023/cleveland-cavaliers-atlanta-hawks-bFh2JUL6/,-130,100,-118,108
08-10-2022,MIL,ATL,109,118,0,NBA_2022/2023,usa/nba-2022-2023/milwaukee-bucks-atlanta-hawks-40ogVbDm/,-136,104,-127,114
06-10-2022,ATL,MIL,123,113,1,NBA_2022/2023,usa/nba-2022-2023/atlanta-hawks-milwaukee-bucks-pG4MzLkQ/,-120,-109,-112,100
16-07-2022,CLE,ATL,94,90,1,NBA_Las_Vegas_Summer_League_2022,usa/nba-las-vegas-summer-league-2022/cleveland-cavaliers-atlanta-hawks-Obe3B3dL/,-146,111,-135,121
14-07-2022,SA,ATL,86,87,0,NBA_Las_Vegas_Summer_League_2022,usa/nba-las-vegas-summer-league-2022/san-antonio-spurs-atlanta-hawks-dhcItUE0/,-155,118,-141,129
12-07-2022,MIA,ATL,88,95,0,NBA_Las_Vegas_Summer_League_2022,usa/nba-las-vegas-summer-league-2022/miami-heat-atlanta-hawks-t2UWUWFl/,-234,175,-208,188
11-07-2022,ATL,NO,73,101,0,NBA_Las_Vegas_Summer_League_2022,usa/nba-las-vegas-summer-league-2022/atlanta-hawks-new-orleans-pelicans-t281FiG1/,170,-226,196,-200
09-07-2022,UTAH,ATL,72,66,1,NBA_Las_Vegas_Summer_League_2022,usa/nba-las-vegas-summer-league-2022/utah-jazz-atlanta-hawks-bJjB4z2q/,-103,-127,104,-115
26-04-2022,MIA,ATL,97,94,1,NBA_2021/2022,usa/nba-2021-2022/miami-heat-atlanta-hawks-tOVhUPqG/,-185,160,-172,168
24-04-2022,ATL,MIA,86,110,0,NBA_2021/2022,usa/nba-2021-2022/atlanta-hawks-miami-heat-YVJc1jas/,101,-118,110,-112
22-04-2022,ATL,MIA,111,110,1,NBA_2021/2022,usa/nba-2021-2022/atlanta-hawks-miami-heat-dASV5WjQ/,108,-126,117,-118
19-04-2022,MIA,ATL,115,105,1,NBA_2021/2022,usa/nba-2021-2022/miami-heat-atlanta-hawks-2mTR6CyK/,-328,268,-312,284
17-04-2022,MIA,ATL,115,91,1,NBA_2021/2022,usa/nba-2021-2022/miami-heat-atlanta-hawks-OdUN7hMD/,-281,233,-256,239
15-04-2022,CLE,ATL,101,107,0,NBA_2021/2022,usa/nba-2021-2022/cleveland-cavaliers-atlanta-hawks-E9a1N8D7/,113,-131,120,-122
13-04-2022,ATL,CHA,132,103,1,NBA_2021/2022,usa/nba-2021-2022/atlanta-hawks-charlotte-hornets-hvcI32R6/,-216,180,-200,193
10-04-2022,HOU,ATL,114,130,0,NBA_2021/2022,usa/nba-2021-2022/houston-rockets-atlanta-hawks-Gtv3VeTD/,535,-762,585,-556
08-04-2022,MIA,ATL,113,109,1,NBA_2021/2022,usa/nba-2021-2022/miami-heat-atlanta-hawks-KGBvFZGD/,-120,104,-103,112
06-04-2022,ATL,WSH,118,103,1,NBA_2021/2022,usa/nba-2021-2022/atlanta-hawks-washington-wizards-z59SLpYS/,-535,411,-500,445
05-04-2022,TOR,ATL,118,108,1,NBA_2021/2022,usa/nba-2021-2022/toronto-raptors-atlanta-hawks-0C29HAhI/,-179,154,-169,165
02-04-2022,ATL,BKN,122,115,1,NBA_2021/2022,usa/nba-2021-2022/atlanta-hawks-brooklyn-nets-CleYtk5U/,110,-129,125,-120
31-03-2022,ATL,CLE,131,107,1,NBA_2021/2022,usa/nba-2021-2022/atlanta-hawks-cleveland-cavaliers-02TlNz3c/,-249,208,-227,222
30-03-2022,OKC,ATL,118,136,0,NBA_2021/2022,usa/nba-2021-2022/oklahoma-city-thunder-atlanta-hawks-Imgcg4h8/,652,-952,700,-769
28-03-2022,IND,ATL,123,132,0,NBA_2021/2022,usa/nba-2021-2022/indiana-pacers-atlanta-hawks-G08pRo9F/,269,-328,316,-303
25-03-2022,ATL,GSW,121,110,1,NBA_2021/2022,usa/nba-2021-2022/atlanta-hawks-golden-state-warriors-EZWPVlwm/,-132,113,-125,125
23-03-2022,DET,ATL,122,101,1,NBA_2021/2022,usa/nba-2021-2022/detroit-pistons-atlanta-hawks-Y1WH2j90/,169,-199,175,-179
22-03-2022,NY,ATL,111,117,0,NBA_2021/2022,usa/nba-2021-2022/new-york-knicks-atlanta-hawks-rHPpAYGQ/,143,-166,150,-154
20-03-2022,ATL,NO,112,117,0,NBA_2021/2022,usa/nba-2021-2022/atlanta-hawks-new-orleans-pelicans-Q1G4xfee/,-203,173,-185,185
18-03-2022,ATL,MEM,120,105,1,NBA_2021/2022,usa/nba-2021-2022/atlanta-hawks-memphis-grizzlies-G4rYo7Si/,217,-260,235,-244
16-03-2022,CHA,ATL,116,106,1,NBA_2021/2022,usa/nba-2021-2022/charlotte-hornets-atlanta-hawks-2oEpG6rO/,-110,-106,-102,102
14-03-2022,ATL,POR,122,113,1,NBA_2021/2022,usa/nba-2021-2022/atlanta-hawks-portland-trail-blazers-IZab49qC/,-1136,727,-909,794
13-03-2022,ATL,IND,131,128,1,NBA_2021/2022,usa/nba-2021-2022/atlanta-hawks-indiana-pacers-xK4w9XUt/,-763,551,-667,600
11-03-2022,ATL,LAC,112,106,1,NBA_2021/2022,usa/nba-2021-2022/atlanta-hawks-los-angeles-clippers-xrw7EYkM/,-302,248,-278,266
09-03-2022,MIL,ATL,124,115,1,NBA_2021/2022,usa/nba-2021-2022/milwaukee-bucks-atlanta-hawks-SrUK2yiA/,-193,163,-182,171
07-03-2022,DET,ATL,113,110,1,NBA_2021/2022,usa/nba-2021-2022/detroit-pistons-atlanta-hawks-MkJhrA9Q/,257,-312,276,-294
04-03-2022,WSH,ATL,114,117,0,NBA_2021/2022,usa/nba-2021-2022/washington-wizards-atlanta-hawks-CxVXHDeL/,185,-219,198,-189
03-03-2022,ATL,CHI,130,124,1,NBA_2021/2022,usa/nba-2021-2022/atlanta-hawks-chicago-bulls-U9wwXZ7e/,-124,106,-114,114
01-03-2022,BOS,ATL,107,98,1,NBA_2021/2022,usa/nba-2021-2022/boston-celtics-atlanta-hawks-bevJ43L4/,-257,214,-244,229
26-02-2022,ATL,TOR,127,100,1,NBA_2021/2022,usa/nba-2021-2022/atlanta-hawks-toronto-raptors-AgvimdiN/,-172,147,-159,175
24-02-2022,CHI,ATL,112,108,1,NBA_2021/2022,usa/nba-2021-2022/chicago-bulls-atlanta-hawks-Mggt3VS2/,-146,126,-135,139
16-02-2022,ORL,ATL,109,130,0,NBA_2021/2022,usa/nba-2021-2022/orlando-magic-atlanta-hawks-2VcYZWbG/,181,-215,191,-196
15-02-2022,ATL,CLE,124,116,1,NBA_2021/2022,usa/nba-2021-2022/atlanta-hawks-cleveland-cavaliers-xSEAKiaT/,-128,112,104,125
13-02-2022,BOS,ATL,105,95,1,NBA_2021/2022,usa/nba-2021-2022/boston-celtics-atlanta-hawks-SdeS7EFN/,-291,241,-263,266
11-02-2022,ATL,SA,121,136,0,NBA_2021/2022,usa/nba-2021-2022/atlanta-hawks-san-antonio-spurs-AFgTB5As/,-407,324,-357,350
08-02-2022,ATL,IND,133,112,1,NBA_2021/2022,usa/nba-2021-2022/atlanta-hawks-indiana-pacers-67fygi42/,-899,628,-714,650
06-02-2022,DAL,ATL,103,94,1,NBA_2021/2022,usa/nba-2021-2022/dallas-mavericks-atlanta-hawks-CpZ1vhk9/,-107,-108,110,100
04-02-2022,TOR,ATL,125,114,1,NBA_2021/2022,usa/nba-2021-2022/toronto-raptors-atlanta-hawks-fJsGoqGI/,-132,113,-120,129
03-02-2022,ATL,PHX,124,115,1,NBA_2021/2022,usa/nba-2021-2022/atlanta-hawks-phoenix-suns-WU5FmyBP/,129,-150,139,-145
31-01-2022,ATL,TOR,100,106,0,NBA_2021/2022,usa/nba-2021-2022/atlanta-hawks-toronto-raptors-zHREm5o6/,110,-128,120,-103
30-01-2022,ATL,LAL,129,121,1,NBA_2021/2022,usa/nba-2021-2022/atlanta-hawks-los-angeles-lakers-M1DWapad/,-288,238,-256,257
28-01-2022,ATL,BOS,108,92,1,NBA_2021/2022,usa/nba-2021-2022/atlanta-hawks-boston-celtics-YclGpEgh/,-124,106,-118,110
26-01-2022,ATL,SAC,121,104,1,NBA_2021/2022,usa/nba-2021-2022/atlanta-hawks-sacramento-kings-428yZGft/,-575,437,-500,463
23-01-2022,CHA,ATL,91,113,0,NBA_2021/2022,usa/nba-2021-2022/charlotte-hornets-atlanta-hawks-2g6osKV2/,-123,105,-118,110
21-01-2022,ATL,MIA,110,108,1,NBA_2021/2022,usa/nba-2021-2022/atlanta-hawks-miami-heat-K0XgCaWS/,-119,104,116,116
19-01-2022,ATL,MIN,134,122,1,NBA_2021/2022,usa/nba-2021-2022/atlanta-hawks-minnesota-timberwolves-WC4NLC3P/,-119,101,-112,108
17-01-2022,ATL,MIL,121,114,1,NBA_2021/2022,usa/nba-2021-2022/atlanta-hawks-milwaukee-bucks-lzzp8gZP/,166,-194,179,-182
15-01-2022,ATL,NY,108,117,0,NBA_2021/2022,usa/nba-2021-2022/atlanta-hawks-new-york-knicks-thB2xyqr/,-120,103,-111,110
14-01-2022,MIA,ATL,124,118,1,NBA_2021/2022,usa/nba-2021-2022/miami-heat-atlanta-hawks-MmvxMFb1/,-204,173,-196,181
12-01-2022,ATL,MIA,91,115,0,NBA_2021/2022,usa/nba-2021-2022/atlanta-hawks-miami-heat-fFaET60A/,-139,120,-133,129
09-01-2022,LAC,ATL,106,93,1,NBA_2021/2022,usa/nba-2021-2022/los-angeles-clippers-atlanta-hawks-xMkiM3ym/,151,-176,158,-169
07-01-2022,LAL,ATL,134,118,1,NBA_2021/2022,usa/nba-2021-2022/los-angeles-lakers-atlanta-hawks-0zuD8p7m/,-121,103,-114,116
05-01-2022,SAC,ATL,102,108,0,NBA_2021/2022,usa/nba-2021-2022/sacramento-kings-atlanta-hawks-xfg2DZhF/,-116,-103,116,108
03-01-2022,POR,ATL,136,131,1,NBA_2021/2022,usa/nba-2021-2022/portland-trail-blazers-atlanta-hawks-zeITueXq/,150,-175,158,-169
31-12-2021,CLE,ATL,118,121,0,NBA_2021/2022,usa/nba-2021-2022/cleveland-cavaliers-atlanta-hawks-pWUXdg7r/,-125,108,-120,116
29-12-2021,CHI,ATL,131,117,1,NBA_2021/2022,usa/nba-2021-2022/chicago-bulls-atlanta-hawks-GSjJKyrh/,-350,282,-312,292
27-12-2021,ATL,CHI,118,130,0,NBA_2021/2022,usa/nba-2021-2022/atlanta-hawks-chicago-bulls-r1i7hJba/,138,-159,148,-143
25-12-2021,NY,ATL,101,87,1,NBA_2021/2022,usa/nba-2021-2022/new-york-knicks-atlanta-hawks-S4FzhJiR/,-242,202,-227,214
23-12-2021,PHI,ATL,96,98,0,NBA_2021/2022,usa/nba-2021-2022/philadelphia-76ers-atlanta-hawks-WSQbRt00/,-649,482,-556,520
22-12-2021,ATL,ORL,98,104,0,NBA_2021/2022,usa/nba-2021-2022/atlanta-hawks-orlando-magic-dCTROmv2/,-305,247,-286,275
17-12-2021,ATL,DEN,115,133,0,NBA_2021/2022,usa/nba-2021-2022/atlanta-hawks-denver-nuggets-zuIudb4b/,-160,138,-154,145
15-12-2021,ORL,ATL,99,111,0,NBA_2021/2022,usa/nba-2021-2022/orlando-magic-atlanta-hawks-Ygbxec27/,258,-315,279,-294
13-12-2021,ATL,HOU,126,132,0,NBA_2021/2022,usa/nba-2021-2022/atlanta-hawks-houston-rockets-nN72rKI1/,-541,417,-455,445
10-12-2021,ATL,BKN,105,113,0,NBA_2021/2022,usa/nba-2021-2022/atlanta-hawks-brooklyn-nets-trQYJqzp/,-128,109,-118,114
06-12-2021,MIN,ATL,110,121,0,NBA_2021/2022,usa/nba-2021-2022/minnesota-timberwolves-atlanta-hawks-8djyFchm/,-124,106,-118,116
05-12-2021,ATL,CHA,127,130,0,NBA_2021/2022,usa/nba-2021-2022/atlanta-hawks-charlotte-hornets-lnz20bwf/,-307,251,-270,266
03-12-2021,ATL,PHI,96,98,0,NBA_2021/2022,usa/nba-2021-2022/atlanta-hawks-philadelphia-76ers-z3xy9VPd/,-141,121,-130,129
01-12-2021,IND,ATL,111,114,0,NBA_2021/2022,usa/nba-2021-2022/indiana-pacers-atlanta-hawks-ddTwuiBG/,-132,112,-122,120
27-11-2021,ATL,NY,90,99,0,NBA_2021/2022,usa/nba-2021-2022/atlanta-hawks-new-york-knicks-vcz8Z9Ht/,-328,267,-294,284
26-11-2021,MEM,ATL,100,132,0,NBA_2021/2022,usa/nba-2021-2022/memphis-grizzlies-atlanta-hawks-tAW9ycmR/,-103,-114,106,-108
24-11-2021,SA,ATL,106,124,0,NBA_2021/2022,usa/nba-2021-2022/san-antonio-spurs-atlanta-hawks-IVc2IHtk/,142,-166,149,-159
22-11-2021,ATL,OKC,113,101,1,NBA_2021/2022,usa/nba-2021-2022/atlanta-hawks-oklahoma-city-thunder-EadJcs5M/,-1000,667,-833,769
20-11-2021,ATL,CHA,115,105,1,NBA_2021/2022,usa/nba-2021-2022/atlanta-hawks-charlotte-hornets-d03RaCUh/,-288,239,-256,280
17-11-2021,ATL,BOS,110,99,1,NBA_2021/2022,usa/nba-2021-2022/atlanta-hawks-boston-celtics-pSGmJfW6/,-198,169,-189,175
15-11-2021,ATL,ORL,129,111,1,NBA_2021/2022,usa/nba-2021-2022/atlanta-hawks-orlando-magic-6D1mWbfk/,-562,428,-500,450
14-11-2021,ATL,MIL,120,100,1,NBA_2021/2022,usa/nba-2021-2022/atlanta-hawks-milwaukee-bucks-prDpZRAT/,-131,112,-116,120
12-11-2021,DEN,ATL,105,96,1,NBA_2021/2022,usa/nba-2021-2022/denver-nuggets-atlanta-hawks-bRl3MlRN/,-161,139,-154,145
09-11-2021,UTAH,ATL,110,98,1,NBA_2021/2022,usa/nba-2021-2022/utah-jazz-atlanta-hawks-rerV0Gbm/,-394,316,-345,340
08-11-2021,GSW,ATL,127,113,1,NBA_2021/2022,usa/nba-2021-2022/golden-state-warriors-atlanta-hawks-d0wBeLM7/,-163,140,-154,146
06-11-2021,PHX,ATL,121,117,1,NBA_2021/2022,usa/nba-2021-2022/phoenix-suns-atlanta-hawks-pn3djQpS/,-160,138,-154,161
04-11-2021,ATL,UTAH,98,116,0,NBA_2021/2022,usa/nba-2021-2022/atlanta-hawks-utah-jazz-6yt0ZzkQ/,-101,-115,106,-103
03-11-2021,BKN,ATL,117,108,1,NBA_2021/2022,usa/nba-2021-2022/brooklyn-nets-atlanta-hawks-nHrfGerl/,-183,157,-164,165
01-11-2021,ATL,WSH,118,111,1,NBA_2021/2022,usa/nba-2021-2022/atlanta-hawks-washington-wizards-MDNvB068/,-202,174,-196,181
30-10-2021,PHI,ATL,122,94,1,NBA_2021/2022,usa/nba-2021-2022/philadelphia-76ers-atlanta-hawks-4dkZg8VG/,-162,140,-154,145
28-10-2021,WSH,ATL,122,111,1,NBA_2021/2022,usa/nba-2021-2022/washington-wizards-atlanta-hawks-QPCroDnn/,146,-169,158,-156
27-10-2021,NO,ATL,99,102,0,NBA_2021/2022,usa/nba-2021-2022/new-orleans-pelicans-atlanta-hawks-KYWDVXna/,175,-205,188,-196
25-10-2021,ATL,DET,122,104,1,NBA_2021/2022,usa/nba-2021-2022/atlanta-hawks-detroit-pistons-00YiQxBJ/,-667,490,-625,560
23-10-2021,CLE,ATL,101,95,1,NBA_2021/2022,usa/nba-2021-2022/cleveland-cavaliers-atlanta-hawks-l8HqrZCJ/,294,-360,301,-333
21-10-2021,ATL,DAL,113,87,1,NBA_2021/2022,usa/nba-2021-2022/atlanta-hawks-dallas-mavericks-fohlWyV7/,-138,118,-128,125
14-10-2021,ATL,MIA,127,92,1,NBA_2021/2022,usa/nba-2021-2022/atlanta-hawks-miami-heat-AJ7KFenG/,-756,465,-588,540
09-10-2021,MEM,ATL,87,91,0,NBA_2021/2022,usa/nba-2021-2022/memphis-grizzlies-atlanta-hawks-8jok0GnT/,-101,-126,104,-120
06-10-2021,ATL,CLE,96,99,0,NBA_2021/2022,usa/nba-2021-2022/atlanta-hawks-cleveland-cavaliers-I58wrHQp/,-165,129,-156,135
04-10-2021,MIA,ATL,125,99,1,NBA_2021/2022,usa/nba-2021-2022/miami-heat-atlanta-hawks-xtdpBZYl/,-158,124,-147,138
16-08-2021,NY,ATL,104,85,1,NBA_Las_Vegas_Summer_League_2021,usa/nba-las-vegas-summer-league-2021/new-york-knicks-atlanta-hawks-pA1wI4Zd/,-189,148,-179,160
14-08-2021,MIA,ATL,90,94,0,NBA_Las_Vegas_Summer_League_2021,usa/nba-las-vegas-summer-league-2021/miami-heat-atlanta-hawks-4vC0MKW0/,-104,-121,100,-102
12-08-2021,ATL,PHI,88,96,0,NBA_Las_Vegas_Summer_League_2021,usa/nba-las-vegas-summer-league-2021/atlanta-hawks-philadelphia-76ers-x4hJ9sme/,106,-137,119,-128
10-08-2021,IND,ATL,83,84,0,NBA_Las_Vegas_Summer_League_2021,usa/nba-las-vegas-summer-league-2021/indiana-pacers-atlanta-hawks-4IviKz5o/,-128,-101,-114,112
08-08-2021,ATL,BOS,83,85,0,NBA_Las_Vegas_Summer_League_2021,usa/nba-las-vegas-summer-league-2021/atlanta-hawks-boston-celtics-Aecnjdj5/,148,-190,160,-175
03-07-2021,ATL,MIL,107,118,0,NBA_2020/2021,usa/nba-2020-2021/atlanta-hawks-milwaukee-bucks-EuvWT22p/,-161,137,-154,149
01-07-2021,MIL,ATL,123,112,1,NBA_2020/2021,usa/nba-2020-2021/milwaukee-bucks-atlanta-hawks-E5NIANZE/,-189,160,-179,170
29-06-2021,ATL,MIL,110,88,1,NBA_2020/2021,usa/nba-2020-2021/atlanta-hawks-milwaukee-bucks-zZQcj98N/,320,-398,350,-357
27-06-2021,ATL,MIL,102,113,0,NBA_2020/2021,usa/nba-2020-2021/atlanta-hawks-milwaukee-bucks-drSgikgH/,163,-190,175,-182
25-06-2021,MIL,ATL,125,91,1,NBA_2020/2021,usa/nba-2020-2021/milwaukee-bucks-atlanta-hawks-S8NkhVwB/,-353,284,-333,300
23-06-2021,MIL,ATL,113,116,0,NBA_2020/2021,usa/nba-2020-2021/milwaukee-bucks-atlanta-hawks-lIOogBO4/,-357,285,-312,332
20-06-2021,PHI,ATL,96,103,0,NBA_2020/2021,usa/nba-2020-2021/philadelphia-76ers-atlanta-hawks-6urJ5vaf/,-275,229,-256,241
18-06-2021,ATL,PHI,99,104,0,NBA_2020/2021,usa/nba-2020-2021/atlanta-hawks-philadelphia-76ers-fmFxzFOJ/,125,-139,142,125
16-06-2021,PHI,ATL,106,109,0,NBA_2020/2021,usa/nba-2020-2021/philadelphia-76ers-atlanta-hawks-hvRLNY0d/,-299,246,-270,260
14-06-2021,ATL,PHI,103,100,1,NBA_2020/2021,usa/nba-2020-2021/atlanta-hawks-philadelphia-76ers-pObEwEbe/,120,-141,127,-128
11-06-2021,ATL,PHI,111,127,0,NBA_2020/2021,usa/nba-2020-2021/atlanta-hawks-philadelphia-76ers-6XaAvfqk/,117,-134,185,-120
08-06-2021,PHI,ATL,118,102,1,NBA_2020/2021,usa/nba-2020-2021/philadelphia-76ers-atlanta-hawks-xbe6uzUr/,-249,213,-156,233
06-06-2021,PHI,ATL,124,128,0,NBA_2020/2021,usa/nba-2020-2021/philadelphia-76ers-atlanta-hawks-0WODU3P1/,-192,163,-179,171
02-06-2021,NY,ATL,89,103,0,NBA_2020/2021,usa/nba-2020-2021/new-york-knicks-atlanta-hawks-0hd3HeiA/,143,-111,654,104
30-05-2021,ATL,NY,113,96,1,NBA_2020/2021,usa/nba-2020-2021/atlanta-hawks-new-york-knicks-dnUjzpMj/,-200,170,-189,179
28-05-2021,ATL,NY,105,94,1,NBA_2020/2021,usa/nba-2020-2021/atlanta-hawks-new-york-knicks-rqQnyQ6p/,-189,162,-182,172
26-05-2021,NY,ATL,101,92,1,NBA_2020/2021,usa/nba-2020-2021/new-york-knicks-atlanta-hawks-Q3wLu6bT/,-132,113,-123,120
23-05-2021,NY,ATL,105,107,0,NBA_2020/2021,usa/nba-2020-2021/new-york-knicks-atlanta-hawks-ttap4ywi/,-118,100,-112,106
16-05-2021,ATL,HOU,124,95,1,NBA_2020/2021,usa/nba-2020-2021/atlanta-hawks-houston-rockets-fcQCoJN0/,-304,248,-270,260
13-05-2021,ATL,ORL,116,93,1,NBA_2020/2021,usa/nba-2020-2021/atlanta-hawks-orlando-magic-hWvJqxyG/,-943,648,-769,769
12-05-2021,ATL,WSH,120,116,1,NBA_2020/2021,usa/nba-2020-2021/atlanta-hawks-washington-wizards-vPrrrPaB/,-274,226,-244,245
10-05-2021,ATL,WSH,125,124,1,NBA_2020/2021,usa/nba-2020-2021/atlanta-hawks-washington-wizards-plrzFQVO/,-346,283,-323,303
06-05-2021,IND,ATL,133,126,1,NBA_2020/2021,usa/nba-2020-2021/indiana-pacers-atlanta-hawks-23LLDMl3/,205,-246,215,-222
05-05-2021,ATL,PHX,135,103,1,NBA_2020/2021,usa/nba-2020-2021/atlanta-hawks-phoenix-suns-Sp7w1q5c/,-106,-111,100,-103
03-05-2021,ATL,POR,123,114,1,NBA_2020/2021,usa/nba-2020-2021/atlanta-hawks-portland-trail-blazers-GCtVZ66b/,-135,116,-122,122
01-05-2021,ATL,CHI,108,97,1,NBA_2020/2021,usa/nba-2020-2021/atlanta-hawks-chicago-bulls-phINZok1/,-358,292,-270,312
30-04-2021,PHI,ATL,126,104,1,NBA_2020/2021,usa/nba-2020-2021/philadelphia-76ers-atlanta-hawks-pWtmN85e/,-315,257,-263,334
28-04-2021,PHI,ATL,127,83,1,NBA_2020/2021,usa/nba-2020-2021/philadelphia-76ers-atlanta-hawks-IsrXeW6d/,-495,383,-435,409
26-04-2021,DET,ATL,100,86,1,NBA_2020/2021,usa/nba-2020-2021/detroit-pistons-atlanta-hawks-pd8ZjpPa/,149,-174,158,-164
25-04-2021,ATL,MIL,111,104,1,NBA_2020/2021,usa/nba-2020-2021/atlanta-hawks-milwaukee-bucks-AwGMgnus/,189,-225,198,-213
23-04-2021,ATL,MIA,118,103,1,NBA_2020/2021,usa/nba-2020-2021/atlanta-hawks-miami-heat-UaW5S9tr/,223,-268,229,-244
21-04-2021,NY,ATL,137,127,1,NBA_2020/2021,usa/nba-2020-2021/new-york-knicks-atlanta-hawks-xUDbYvD3/,103,-121,106,-112
20-04-2021,ATL,ORL,112,96,1,NBA_2020/2021,usa/nba-2020-2021/atlanta-hawks-orlando-magic-2BaGL1Tc/,-855,593,-714,700
18-04-2021,ATL,IND,129,117,1,NBA_2020/2021,usa/nba-2020-2021/atlanta-hawks-indiana-pacers-2Z5J6Y2O/,-129,110,-122,116
15-04-2021,ATL,MIL,109,120,0,NBA_2020/2021,usa/nba-2020-2021/atlanta-hawks-milwaukee-bucks-GM99SfOi/,154,-178,165,-167
13-04-2021,TOR,ATL,103,108,0,NBA_2020/2021,usa/nba-2020-2021/toronto-raptors-atlanta-hawks-pGtawCxA/,-119,101,-112,110
11-04-2021,CHA,ATL,101,105,0,NBA_2020/2021,usa/nba-2020-2021/charlotte-hornets-atlanta-hawks-S4w1ayw8/,-140,120,-135,129
09-04-2021,ATL,CHI,120,108,1,NBA_2020/2021,usa/nba-2020-2021/atlanta-hawks-chicago-bulls-QBR6k09q/,-142,121,-132,129
07-04-2021,ATL,MEM,113,131,0,NBA_2020/2021,usa/nba-2020-2021/atlanta-hawks-memphis-grizzlies-Ea83fkeB/,-102,-113,112,129
06-04-2021,ATL,NO,123,107,1,NBA_2020/2021,usa/nba-2020-2021/atlanta-hawks-new-orleans-pelicans-8KAqUhs6/,-162,139,-154,145
04-04-2021,ATL,GSW,117,111,1,NBA_2020/2021,usa/nba-2020-2021/atlanta-hawks-golden-state-warriors-Y1d1HFc0/,-120,103,-112,110
02-04-2021,NO,ATL,103,126,0,NBA_2020/2021,usa/nba-2020-2021/new-orleans-pelicans-atlanta-hawks-Q3ge2qhd/,102,-120,108,-112
01-04-2021,SA,ATL,129,134,0,NBA_2020/2021,usa/nba-2020-2021/san-antonio-spurs-atlanta-hawks-xvL7BmV9/,-116,-101,-108,106
30-03-2021,PHX,ATL,117,110,1,NBA_2020/2021,usa/nba-2020-2021/phoenix-suns-atlanta-hawks-nDtOe8xg/,-231,192,-222,206
28-03-2021,DEN,ATL,126,102,1,NBA_2020/2021,usa/nba-2020-2021/denver-nuggets-atlanta-hawks-M9JD1ipl/,-194,165,-175,175
26-03-2021,GSW,ATL,108,124,0,NBA_2020/2021,usa/nba-2020-2021/golden-state-warriors-atlanta-hawks-fLKczFok/,223,-271,236,-238
24-03-2021,SAC,ATL,110,108,1,NBA_2020/2021,usa/nba-2020-2021/sacramento-kings-atlanta-hawks-214rVJ99/,125,-147,131,-137
22-03-2021,LAC,ATL,119,110,1,NBA_2020/2021,usa/nba-2020-2021/los-angeles-clippers-atlanta-hawks-Y9SYE7JB/,-238,199,-222,206
20-03-2021,LAL,ATL,94,99,0,NBA_2020/2021,usa/nba-2020-2021/los-angeles-lakers-atlanta-hawks-QNRKlB56/,-167,143,-154,154
18-03-2021,ATL,OKC,116,93,1,NBA_2020/2021,usa/nba-2020-2021/atlanta-hawks-oklahoma-city-thunder-IwdRvzxr/,-335,270,-278,288
16-03-2021,HOU,ATL,107,119,0,NBA_2020/2021,usa/nba-2020-2021/houston-rockets-atlanta-hawks-ENlaIR7D/,317,-400,340,-370
14-03-2021,ATL,CLE,100,82,1,NBA_2020/2021,usa/nba-2020-2021/atlanta-hawks-cleveland-cavaliers-OIFtECGR/,-219,184,-208,202
13-03-2021,ATL,SAC,121,106,1,NBA_2020/2021,usa/nba-2020-2021/atlanta-hawks-sacramento-kings-COyZfX9k/,-173,147,-164,154
11-03-2021,TOR,ATL,120,121,0,NBA_2020/2021,usa/nba-2020-2021/toronto-raptors-atlanta-hawks-MRfFO2Un/,133,-155,140,-147
03-03-2021,ORL,ATL,112,115,0,NBA_2020/2021,usa/nba-2020-2021/orlando-magic-atlanta-hawks-vDGs7cdE/,124,-144,129,-135
02-03-2021,MIA,ATL,80,94,0,NBA_2020/2021,usa/nba-2020-2021/miami-heat-atlanta-hawks-zLqo2mgk/,-129,111,-123,120
28-02-2021,MIA,ATL,109,99,1,NBA_2020/2021,usa/nba-2020-2021/miami-heat-atlanta-hawks-ETyLcY13/,-135,117,-127,123
26-02-2021,OKC,ATL,118,109,1,NBA_2020/2021,usa/nba-2020-2021/oklahoma-city-thunder-atlanta-hawks-EV6RwvBU/,172,-201,184,-159
24-02-2021,ATL,BOS,127,112,1,NBA_2020/2021,usa/nba-2020-2021/atlanta-hawks-boston-celtics-YyudxRZP/,103,-120,117,-111
23-02-2021,CLE,ATL,112,111,1,NBA_2020/2021,usa/nba-2020-2021/cleveland-cavaliers-atlanta-hawks-0OKIO75Q/,275,-336,285,-294
21-02-2021,ATL,DEN,123,115,1,NBA_2020/2021,usa/nba-2020-2021/atlanta-hawks-denver-nuggets-viLZOGa9/,120,-140,133,-133
19-02-2021,BOS,ATL,121,109,1,NBA_2020/2021,usa/nba-2020-2021/boston-celtics-atlanta-hawks-vH4Qcv1A/,-193,164,-182,175
17-02-2021,BOS,ATL,114,122,0,NBA_2020/2021,usa/nba-2020-2021/boston-celtics-atlanta-hawks-WWxymNnh/,-123,105,-115,110
15-02-2021,NY,ATL,123,112,1,NBA_2020/2021,usa/nba-2020-2021/new-york-knicks-atlanta-hawks-ED5vnMp1/,104,-122,106,-114
13-02-2021,ATL,IND,113,125,0,NBA_2020/2021,usa/nba-2020-2021/atlanta-hawks-indiana-pacers-zomJtR8L/,102,-119,108,-112
12-02-2021,ATL,SA,114,125,0,NBA_2020/2021,usa/nba-2020-2021/atlanta-hawks-san-antonio-spurs-riOuT7vM/,-137,117,-132,124
10-02-2021,DAL,ATL,118,117,1,NBA_2020/2021,usa/nba-2020-2021/dallas-mavericks-atlanta-hawks-htfhJWAc/,-163,140,-159,152
06-02-2021,ATL,TOR,132,121,1,NBA_2020/2021,usa/nba-2020-2021/atlanta-hawks-toronto-raptors-nF1hxthG/,-104,-112,100,-108
04-02-2021,ATL,UTAH,91,112,0,NBA_2020/2021,usa/nba-2020-2021/atlanta-hawks-utah-jazz-YPW0Nr77/,390,-513,400,-435
03-02-2021,ATL,DAL,116,122,0,NBA_2020/2021,usa/nba-2020-2021/atlanta-hawks-dallas-mavericks-OSO3oegc/,109,-127,118,-120
01-02-2021,ATL,LAL,99,107,0,NBA_2020/2021,usa/nba-2020-2021/atlanta-hawks-los-angeles-lakers-IiF5YmbB/,235,-287,250,-263
29-01-2021,WSH,ATL,100,116,0,NBA_2020/2021,usa/nba-2020-2021/washington-wizards-atlanta-hawks-GpOxADFg/,137,-159,145,-152
27-01-2021,ATL,BKN,128,132,0,NBA_2020/2021,usa/nba-2020-2021/atlanta-hawks-brooklyn-nets-2NwvgLv2/,190,-223,202,-208
26-01-2021,ATL,LAC,108,99,1,NBA_2020/2021,usa/nba-2020-2021/atlanta-hawks-los-angeles-clippers-Ec5j2PHF/,-222,187,-204,195
24-01-2021,MIL,ATL,129,115,1,NBA_2020/2021,usa/nba-2020-2021/milwaukee-bucks-atlanta-hawks-hAZdhlli/,-808,565,-714,610
22-01-2021,MIN,ATL,98,116,0,NBA_2020/2021,usa/nba-2020-2021/minnesota-timberwolves-atlanta-hawks-KOyiwIrm/,200,-241,218,-227
20-01-2021,ATL,DET,123,115,1,NBA_2020/2021,usa/nba-2020-2021/atlanta-hawks-detroit-pistons-Ie3lPU27/,-182,157,-172,171
18-01-2021,ATL,MIN,108,97,1,NBA_2020/2021,usa/nba-2020-2021/atlanta-hawks-minnesota-timberwolves-txXfFgZr/,-297,240,-270,250
16-01-2021,POR,ATL,112,106,1,NBA_2020/2021,usa/nba-2020-2021/portland-trail-blazers-atlanta-hawks-rsXfJ2zH/,-191,157,-185,170
15-01-2021,UTAH,ATL,116,92,1,NBA_2020/2021,usa/nba-2020-2021/utah-jazz-atlanta-hawks-Uw7L43LN/,-247,204,-238,210
11-01-2021,ATL,PHI,112,94,1,NBA_2020/2021,usa/nba-2020-2021/atlanta-hawks-philadelphia-76ers-GCUITkg0/,-233,192,-217,204
09-01-2021,CHA,ATL,113,105,1,NBA_2020/2021,usa/nba-2020-2021/charlotte-hornets-atlanta-hawks-Q540FaYk/,163,-191,170,-185
06-01-2021,ATL,CHA,94,102,0,NBA_2020/2021,usa/nba-2020-2021/atlanta-hawks-charlotte-hornets-MZCFBdGH/,-236,195,-222,204
04-01-2021,ATL,NY,108,113,0,NBA_2020/2021,usa/nba-2020-2021/atlanta-hawks-new-york-knicks-4WsiJmIQ/,-294,238,-270,252
02-01-2021,ATL,CLE,91,96,0,NBA_2020/2021,usa/nba-2020-2021/atlanta-hawks-cleveland-cavaliers-jgmD7jJE/,-224,186,-208,197
01-01-2021,BKN,ATL,96,114,0,NBA_2020/2021,usa/nba-2020-2021/brooklyn-nets-atlanta-hawks-QoQRegK2/,-250,206,-244,215
30-12-2020,BKN,ATL,145,141,1,NBA_2020/2021,usa/nba-2020-2021/brooklyn-nets-atlanta-hawks-2iiQwLbH/,-234,194,-227,204
28-12-2020,ATL,DET,128,120,1,NBA_2020/2021,usa/nba-2020-2021/atlanta-hawks-detroit-pistons-6qKUV50t/,-519,391,-500,425
26-12-2020,MEM,ATL,112,122,0,NBA_2020/2021,usa/nba-2020-2021/memphis-grizzlies-atlanta-hawks-xnZn99gQ/,-139,118,-135,127
23-12-2020,CHI,ATL,104,124,0,NBA_2020/2021,usa/nba-2020-2021/chicago-bulls-atlanta-hawks-fRaqkl2f/,106,-125,108,-119
19-12-2020,MEM,ATL,116,117,0,NBA_2020/2021,usa/nba-2020-2021/memphis-grizzlies-atlanta-hawks-6Rb2lkz1/,-151,124,-147,129
17-12-2020,MEM,ATL,128,106,1,NBA_2020/2021,usa/nba-2020-2021/memphis-grizzlies-atlanta-hawks-nNkprEDR/,-129,106,-120,114
13-12-2020,ATL,ORL,116,107,1,NBA_2020/2021,usa/nba-2020-2021/atlanta-hawks-orlando-magic-I7oOJwV9/,-197,163,-185,170
11-12-2020,ATL,ORL,112,116,0,NBA_2020/2021,usa/nba-2020-2021/atlanta-hawks-orlando-magic-IqmyLS9n/,-268,212,-263,229
11-03-2020,ATL,NY,131,136,0,NBA_2019/2020,usa/nba-2019-2020/atlanta-hawks-new-york-knicks-KGFvYzIi/,-203,170,-189,179
09-03-2020,ATL,CHA,143,138,1,NBA_2019/2020,usa/nba-2019-2020/atlanta-hawks-charlotte-hornets-tCXjVDpD/,-201,170,-192,177
07-03-2020,MEM,ATL,118,101,1,NBA_2019/2020,usa/nba-2019-2020/memphis-grizzlies-atlanta-hawks-6yfhgKXe/,-246,203,-222,225
06-03-2020,WSH,ATL,118,112,1,NBA_2019/2020,usa/nba-2019-2020/washington-wizards-atlanta-hawks-dp9YaVlB/,-217,181,-200,185
02-03-2020,ATL,MEM,88,127,0,NBA_2019/2020,usa/nba-2019-2020/atlanta-hawks-memphis-grizzlies-xtd9xyim/,-130,110,-125,114
29-02-2020,ATL,POR,129,117,1,NBA_2019/2020,usa/nba-2019-2020/atlanta-hawks-portland-trail-blazers-G8zeN4oq/,-141,119,-133,125
28-02-2020,ATL,BKN,141,118,1,NBA_2019/2020,usa/nba-2019-2020/atlanta-hawks-brooklyn-nets-YV5H9oHq/,118,-138,125,-125
26-02-2020,ATL,ORL,120,130,0,NBA_2019/2020,usa/nba-2019-2020/atlanta-hawks-orlando-magic-E5XmCJLp/,117,-139,120,-132
24-02-2020,PHI,ATL,129,112,1,NBA_2019/2020,usa/nba-2019-2020/philadelphia-76ers-atlanta-hawks-6JK329hJ/,-389,308,-345,320
22-02-2020,ATL,DAL,111,107,1,NBA_2019/2020,usa/nba-2019-2020/atlanta-hawks-dallas-mavericks-6ahIjCg7/,-127,107,-120,114
20-02-2020,ATL,MIA,129,124,1,NBA_2019/2020,usa/nba-2019-2020/atlanta-hawks-miami-heat-0OIanc2L/,205,-249,215,-227
12-02-2020,CLE,ATL,127,105,1,NBA_2019/2020,usa/nba-2019-2020/cleveland-cavaliers-atlanta-hawks-bV65xMYd/,125,-146,135,-137
10-02-2020,ORL,ATL,135,126,1,NBA_2019/2020,usa/nba-2019-2020/orlando-magic-atlanta-hawks-xOzGHocU/,-398,316,-370,334
09-02-2020,ATL,NY,140,135,1,NBA_2019/2020,usa/nba-2019-2020/atlanta-hawks-new-york-knicks-OvFfOVDn/,-205,174,-185,193
07-02-2020,BOS,ATL,112,107,1,NBA_2019/2020,usa/nba-2019-2020/boston-celtics-atlanta-hawks-UHXkfia6/,-897,605,-769,670
05-02-2020,MIN,ATL,120,127,0,NBA_2019/2020,usa/nba-2019-2020/minnesota-timberwolves-atlanta-hawks-tK37boZf/,-180,154,-167,165
03-02-2020,ATL,BOS,115,123,0,NBA_2019/2020,usa/nba-2019-2020/atlanta-hawks-boston-celtics-hzBf5djA/,203,-245,215,-227
01-02-2020,DAL,ATL,123,100,1,NBA_2019/2020,usa/nba-2019-2020/dallas-mavericks-atlanta-hawks-Wnu1eLMo/,-191,162,-175,177
30-01-2020,ATL,PHI,127,117,1,NBA_2019/2020,usa/nba-2019-2020/atlanta-hawks-philadelphia-76ers-xhffBUH7/,214,-260,235,-244
28-01-2020,TOR,ATL,130,114,1,NBA_2019/2020,usa/nba-2019-2020/toronto-raptors-atlanta-hawks-htW3Rt85/,-1000,669,-833,719
26-01-2020,ATL,WSH,152,133,1,NBA_2019/2020,usa/nba-2019-2020/atlanta-hawks-washington-wizards-CnbndbC3/,-114,-104,-111,102
24-01-2020,OKC,ATL,140,111,1,NBA_2019/2020,usa/nba-2019-2020/oklahoma-city-thunder-atlanta-hawks-hvNW1TrP/,-376,299,-357,313
22-01-2020,ATL,LAC,102,95,1,NBA_2019/2020,usa/nba-2019-2020/atlanta-hawks-los-angeles-clippers-CnMhptdf/,161,-190,175,-172
20-01-2020,ATL,TOR,117,122,0,NBA_2019/2020,usa/nba-2019-2020/atlanta-hawks-toronto-raptors-O0vmVO8t/,337,-424,375,-370
18-01-2020,ATL,DET,103,136,0,NBA_2019/2020,usa/nba-2019-2020/atlanta-hawks-detroit-pistons-Kjhitzai/,100,-119,106,-108
17-01-2020,SA,ATL,120,121,0,NBA_2019/2020,usa/nba-2019-2020/san-antonio-spurs-atlanta-hawks-EDVPPEEA/,-383,303,-345,323
14-01-2020,ATL,PHX,123,110,1,NBA_2019/2020,usa/nba-2019-2020/atlanta-hawks-phoenix-suns-EFWT7tgP/,112,-132,117,-127
12-01-2020,BKN,ATL,108,86,1,NBA_2019/2020,usa/nba-2019-2020/brooklyn-nets-atlanta-hawks-vuXp8km8/,-432,340,-385,370
10-01-2020,WSH,ATL,111,101,1,NBA_2019/2020,usa/nba-2019-2020/washington-wizards-atlanta-hawks-6iITrZJd/,-101,-118,104,-114
08-01-2020,ATL,HOU,115,122,0,NBA_2019/2020,usa/nba-2019-2020/atlanta-hawks-houston-rockets-A1AdpRw4/,273,-338,286,-323
06-01-2020,ATL,DEN,115,123,0,NBA_2019/2020,usa/nba-2019-2020/atlanta-hawks-denver-nuggets-SQWfShII/,252,-312,274,-278
04-01-2020,ATL,IND,116,111,1,NBA_2019/2020,usa/nba-2019-2020/atlanta-hawks-indiana-pacers-U9DXOJBQ/,247,-303,260,-278
03-01-2020,BOS,ATL,109,106,1,NBA_2019/2020,usa/nba-2019-2020/boston-celtics-atlanta-hawks-QcUQ5v5l/,-654,476,-556,490
30-12-2019,ORL,ATL,93,101,0,NBA_2019/2020,usa/nba-2019-2020/orlando-magic-atlanta-hawks-v9jP1Y7o/,-648,475,-556,500
28-12-2019,CHI,ATL,116,81,1,NBA_2019/2020,usa/nba-2019-2020/chicago-bulls-atlanta-hawks-Kr6UMHNk/,-500,386,-455,425
27-12-2019,ATL,MIL,86,112,0,NBA_2019/2020,usa/nba-2019-2020/atlanta-hawks-milwaukee-bucks-ziSoVuG9/,240,-297,254,-286
23-12-2019,CLE,ATL,121,118,1,NBA_2019/2020,usa/nba-2019-2020/cleveland-cavaliers-atlanta-hawks-fwAM7oIo/,104,-124,110,-119
21-12-2019,BKN,ATL,122,112,1,NBA_2019/2020,usa/nba-2019-2020/brooklyn-nets-atlanta-hawks-nFuPlXB6/,-320,257,-294,275
19-12-2019,ATL,UTAH,106,111,0,NBA_2019/2020,usa/nba-2019-2020/atlanta-hawks-utah-jazz-YmX2qxzR/,224,-272,235,-250
17-12-2019,NY,ATL,143,120,1,NBA_2019/2020,usa/nba-2019-2020/new-york-knicks-atlanta-hawks-0f3PWD8B/,-130,111,-127,118
15-12-2019,ATL,LAL,96,101,0,NBA_2019/2020,usa/nba-2019-2020/atlanta-hawks-los-angeles-lakers-CvQYMNMd/,575,-833,650,-714
13-12-2019,ATL,IND,100,110,0,NBA_2019/2020,usa/nba-2019-2020/atlanta-hawks-indiana-pacers-WnuZM25a/,200,-242,210,-227
11-12-2019,CHI,ATL,136,102,1,NBA_2019/2020,usa/nba-2019-2020/chicago-bulls-atlanta-hawks-SfMnB56m/,-267,219,-250,236
10-12-2019,MIA,ATL,135,121,1,NBA_2019/2020,usa/nba-2019-2020/miami-heat-atlanta-hawks-j9eIeQ60/,-383,302,-357,313
08-12-2019,CHA,ATL,107,122,0,NBA_2019/2020,usa/nba-2019-2020/charlotte-hornets-atlanta-hawks-f18n5wvc/,-128,108,-120,119
04-12-2019,ATL,BKN,118,130,0,NBA_2019/2020,usa/nba-2019-2020/atlanta-hawks-brooklyn-nets-veV7OLuB/,126,-148,131,-141
02-12-2019,ATL,GSW,104,79,1,NBA_2019/2020,usa/nba-2019-2020/atlanta-hawks-golden-state-warriors-0OhHFQdt/,-263,216,-238,229
30-11-2019,HOU,ATL,158,111,1,NBA_2019/2020,usa/nba-2019-2020/houston-rockets-atlanta-hawks-EF8OeW57/,-1296,792,-1000,900
29-11-2019,IND,ATL,105,104,1,NBA_2019/2020,usa/nba-2019-2020/indiana-pacers-atlanta-hawks-0rwP7xa2/,-648,474,-526,517
27-11-2019,MIL,ATL,111,102,1,NBA_2019/2020,usa/nba-2019-2020/milwaukee-bucks-atlanta-hawks-UTD0lTtp/,-1522,898,-1250,1050
25-11-2019,ATL,MIN,113,125,0,NBA_2019/2020,usa/nba-2019-2020/atlanta-hawks-minnesota-timberwolves-lCXpfbD5/,160,-188,170,-182
23-11-2019,ATL,TOR,116,119,0,NBA_2019/2020,usa/nba-2019-2020/atlanta-hawks-toronto-raptors-roFar1Eg/,244,-307,250,-294
22-11-2019,DET,ATL,128,103,1,NBA_2019/2020,usa/nba-2019-2020/detroit-pistons-atlanta-hawks-f9joCxYc/,-263,217,-250,229
20-11-2019,ATL,MIL,127,135,0,NBA_2019/2020,usa/nba-2019-2020/atlanta-hawks-milwaukee-bucks-8x0Baalh/,492,-693,535,-625
17-11-2019,LAL,ATL,122,101,1,NBA_2019/2020,usa/nba-2019-2020/los-angeles-lakers-atlanta-hawks-WY5cgtCC/,-1346,799,-1000,926
16-11-2019,LAC,ATL,150,101,1,NBA_2019/2020,usa/nba-2019-2020/los-angeles-clippers-atlanta-hawks-8hd8FWSE/,-470,365,-417,380
14-11-2019,PHX,ATL,128,112,1,NBA_2019/2020,usa/nba-2019-2020/phoenix-suns-atlanta-hawks-4pZ7nYbS/,-345,276,-312,285
12-11-2019,DEN,ATL,121,125,0,NBA_2019/2020,usa/nba-2019-2020/denver-nuggets-atlanta-hawks-rBIDxcV3/,-609,455,-556,475
10-11-2019,POR,ATL,124,113,1,NBA_2019/2020,usa/nba-2019-2020/portland-trail-blazers-atlanta-hawks-EHkSQaWi/,-424,337,-385,359
08-11-2019,ATL,SAC,109,121,0,NBA_2019/2020,usa/nba-2019-2020/atlanta-hawks-sacramento-kings-Ew3HC9Bs/,125,-148,133,-141
06-11-2019,ATL,CHI,93,113,0,NBA_2019/2020,usa/nba-2019-2020/atlanta-hawks-chicago-bulls-t8m45h4E/,-109,-108,-101,104
05-11-2019,ATL,SA,108,100,1,NBA_2019/2020,usa/nba-2019-2020/atlanta-hawks-san-antonio-spurs-dvSYkD4R/,196,-239,204,-227
31-10-2019,ATL,MIA,97,106,0,NBA_2019/2020,usa/nba-2019-2020/atlanta-hawks-miami-heat-lhXRrJZn/,215,-264,229,-250
29-10-2019,MIA,ATL,112,97,1,NBA_2019/2020,usa/nba-2019-2020/miami-heat-atlanta-hawks-K22vDIkJ/,-389,310,-323,359
28-10-2019,ATL,PHI,103,105,0,NBA_2019/2020,usa/nba-2019-2020/atlanta-hawks-philadelphia-76ers-jPksyVy9/,228,-278,240,-256
26-10-2019,ATL,ORL,103,99,1,NBA_2019/2020,usa/nba-2019-2020/atlanta-hawks-orlando-magic-CEf42AVq/,114,-134,119,-128
24-10-2019,DET,ATL,100,117,0,NBA_2019/2020,usa/nba-2019-2020/detroit-pistons-atlanta-hawks-IyFfdZ8A/,-120,101,-116,106
17-10-2019,CHI,ATL,111,93,1,NBA_2019/2020,usa/nba-2019-2020/chicago-bulls-atlanta-hawks-8001PTa1/,-254,200,-238,217
16-10-2019,NY,ATL,96,100,0,NBA_2019/2020,usa/nba-2019-2020/new-york-knicks-atlanta-hawks-QyBdQ9pe/,-133,108,-125,120
14-10-2019,MIA,ATL,120,87,1,NBA_2019/2020,usa/nba-2019-2020/miami-heat-atlanta-hawks-EyvwRkP2/,-218,172,-204,185
09-10-2019,ATL,ORL,88,97,0,NBA_2019/2020,usa/nba-2019-2020/atlanta-hawks-orlando-magic-K0a0DWf3/,122,-155,138,-143
07-10-2019,ATL,NO,109,133,0,NBA_2019/2020,usa/nba-2019-2020/atlanta-hawks-new-orleans-pelicans-YsnJCjGe/,-106,-119,100,-112
12-07-2019,SA,ATL,72,80,0,NBA_Las_Vegas_Summer_League_2019,usa/nba-las-vegas-summer-league-2019/san-antonio-spurs-atlanta-hawks-K6hPUm7m/,-218,178,-196,195
11-07-2019,ATL,WSH,71,76,0,NBA_Las_Vegas_Summer_League_2019,usa/nba-las-vegas-summer-league-2019/atlanta-hawks-washington-wizards-4jMZUvwk/,137,-166,150,-159
09-07-2019,IND,ATL,67,87,0,NBA_Las_Vegas_Summer_League_2019,usa/nba-las-vegas-summer-league-2019/indiana-pacers-atlanta-hawks-UeENyjf4/,-110,-112,-101,100
07-07-2019,MIN,ATL,90,66,1,NBA_Las_Vegas_Summer_League_2019,usa/nba-las-vegas-summer-league-2019/minnesota-timberwolves-atlanta-hawks-AXIF8iQH/,-159,131,-147,145
06-07-2019,ATL,MIL,83,89,0,NBA_Las_Vegas_Summer_League_2019,usa/nba-las-vegas-summer-league-2019/atlanta-hawks-milwaukee-bucks-MB0TdfR5/,111,-140,120,-130
10-04-2019,ATL,IND,134,135,0,NBA_2018/2019,usa/nba-2018-2019/atlanta-hawks-indiana-pacers-d4FLyaMA/,-225,187,-208,204
07-04-2019,MIL,ATL,115,107,1,NBA_2018/2019,usa/nba-2018-2019/milwaukee-bucks-atlanta-hawks-fqit8T1D/,-822,582,-714,625
05-04-2019,ORL,ATL,149,113,1,NBA_2018/2019,usa/nba-2018-2019/orlando-magic-atlanta-hawks-00vA6GQ8/,-423,336,-370,380
03-04-2019,ATL,PHI,130,122,1,NBA_2018/2019,usa/nba-2018-2019/atlanta-hawks-philadelphia-76ers-lr2PfJRd/,159,-187,170,-182
02-04-2019,SA,ATL,117,111,1,NBA_2018/2019,usa/nba-2018-2019/san-antonio-spurs-atlanta-hawks-YBufuvS9/,-741,538,-625,590
31-03-2019,ATL,MIL,136,135,1,NBA_2018/2019,usa/nba-2018-2019/atlanta-hawks-milwaukee-bucks-25WouJAC/,114,-133,127,-125
29-03-2019,ATL,POR,98,118,0,NBA_2018/2019,usa/nba-2018-2019/atlanta-hawks-portland-trail-blazers-Wpv0Vssl/,120,-142,125,-137
26-03-2019,NO,ATL,120,130,0,NBA_2018/2019,usa/nba-2018-2019/new-orleans-pelicans-atlanta-hawks-nLpu5oTr/,119,-139,123,-133
23-03-2019,ATL,PHI,129,127,1,NBA_2018/2019,usa/nba-2018-2019/atlanta-hawks-philadelphia-76ers-29McdHpB/,251,-309,260,-294
21-03-2019,ATL,UTAH,117,114,1,NBA_2018/2019,usa/nba-2018-2019/atlanta-hawks-utah-jazz-hdf8o0Wh/,259,-317,275,-294
19-03-2019,ATL,HOU,105,121,0,NBA_2018/2019,usa/nba-2018-2019/atlanta-hawks-houston-rockets-f5A9U7e1/,279,-343,295,-303
17-03-2019,ORL,ATL,101,91,1,NBA_2018/2019,usa/nba-2018-2019/orlando-magic-atlanta-hawks-QBwKJjsq/,-385,311,-345,320
16-03-2019,BOS,ATL,129,120,1,NBA_2018/2019,usa/nba-2018-2019/boston-celtics-atlanta-hawks-vii8SQ8G/,-619,470,-526,480
13-03-2019,ATL,MEM,132,111,1,NBA_2018/2019,usa/nba-2018-2019/atlanta-hawks-memphis-grizzlies-Whl2Df3C/,102,-120,108,-111
10-03-2019,ATL,NO,128,116,1,NBA_2018/2019,usa/nba-2018-2019/atlanta-hawks-new-orleans-pelicans-xC0smbk7/,-114,-103,-104,100
09-03-2019,ATL,BKN,112,114,0,NBA_2018/2019,usa/nba-2018-2019/atlanta-hawks-brooklyn-nets-8dhHP3iq/,159,-186,165,-179
06-03-2019,ATL,SA,104,111,0,NBA_2018/2019,usa/nba-2018-2019/atlanta-hawks-san-antonio-spurs-8zquEXhU/,188,-226,204,-213
04-03-2019,MIA,ATL,114,113,1,NBA_2018/2019,usa/nba-2018-2019/miami-heat-atlanta-hawks-CEht7bum/,-550,425,-500,440
03-03-2019,CHI,ATL,118,123,0,NBA_2018/2019,usa/nba-2018-2019/chicago-bulls-atlanta-hawks-KGwM5lqD/,-176,150,-167,154
01-03-2019,ATL,CHI,161,168,0,NBA_2018/2019,usa/nba-2018-2019/atlanta-hawks-chicago-bulls-dG5kF1G9/,-111,-107,-102,100
27-02-2019,ATL,MIN,131,123,1,NBA_2018/2019,usa/nba-2018-2019/atlanta-hawks-minnesota-timberwolves-ChPLtsAp/,169,-200,175,-182
25-02-2019,HOU,ATL,119,111,1,NBA_2018/2019,usa/nba-2018-2019/houston-rockets-atlanta-hawks-z7EsTNuo/,-1053,720,-833,757
23-02-2019,ATL,PHX,120,112,1,NBA_2018/2019,usa/nba-2018-2019/atlanta-hawks-phoenix-suns-v3DisH4Q/,-163,138,-152,143
22-02-2019,ATL,DET,122,125,0,NBA_2018/2019,usa/nba-2018-2019/atlanta-hawks-detroit-pistons-WxlETczR/,166,-194,175,-185
14-02-2019,ATL,NY,91,106,0,NBA_2018/2019,usa/nba-2018-2019/atlanta-hawks-new-york-knicks-MPLOItM8/,-341,276,-303,284
12-02-2019,ATL,LAL,117,113,1,NBA_2018/2019,usa/nba-2018-2019/atlanta-hawks-los-angeles-lakers-UBxM2UVA/,191,-232,200,-222
10-02-2019,ATL,ORL,108,124,0,NBA_2018/2019,usa/nba-2018-2019/atlanta-hawks-orlando-magic-W2Ht6rL5/,-101,-116,100,-110
09-02-2019,ATL,CHA,120,129,0,NBA_2018/2019,usa/nba-2018-2019/atlanta-hawks-charlotte-hornets-bkc3hPj6/,108,-128,114,-125
07-02-2019,ATL,TOR,101,119,0,NBA_2018/2019,usa/nba-2018-2019/atlanta-hawks-toronto-raptors-4rxKqPrF/,231,-282,245,-263
04-02-2019,WSH,ATL,129,137,0,NBA_2018/2019,usa/nba-2018-2019/washington-wizards-atlanta-hawks-G4EJytAc/,-284,233,-270,240
02-02-2019,PHX,ATL,112,118,0,NBA_2018/2019,usa/nba-2018-2019/phoenix-suns-atlanta-hawks-jNtcKvuN/,-128,109,-123,112
01-02-2019,UTAH,ATL,128,112,1,NBA_2018/2019,usa/nba-2018-2019/utah-jazz-atlanta-hawks-xpnJ8stB/,-882,626,-714,650
30-01-2019,SAC,ATL,135,113,1,NBA_2018/2019,usa/nba-2018-2019/sacramento-kings-atlanta-hawks-jTNyd4d5/,-211,176,-200,185
28-01-2019,LAC,ATL,118,123,0,NBA_2018/2019,usa/nba-2018-2019/los-angeles-clippers-atlanta-hawks-YVLsn8Bq/,-245,206,-227,220
26-01-2019,POR,ATL,120,111,1,NBA_2018/2019,usa/nba-2018-2019/portland-trail-blazers-atlanta-hawks-beCPuXlA/,-411,321,-370,334
23-01-2019,CHI,ATL,101,121,0,NBA_2018/2019,usa/nba-2018-2019/chicago-bulls-atlanta-hawks-xlM6T2am/,-120,101,-118,106
21-01-2019,ATL,ORL,103,122,0,NBA_2018/2019,usa/nba-2018-2019/atlanta-hawks-orlando-magic-rRzb04V0/,-137,116,-130,124
19-01-2019,ATL,BOS,105,113,0,NBA_2018/2019,usa/nba-2018-2019/atlanta-hawks-boston-celtics-I5bDl7Wl/,231,-280,246,-263
15-01-2019,ATL,OKC,142,126,1,NBA_2018/2019,usa/nba-2018-2019/atlanta-hawks-oklahoma-city-thunder-hMacRwZN/,374,-480,405,-417
13-01-2019,ATL,MIL,114,133,0,NBA_2018/2019,usa/nba-2018-2019/atlanta-hawks-milwaukee-bucks-Qo64Xgv0/,380,-488,400,-455
11-01-2019,PHI,ATL,121,123,0,NBA_2018/2019,usa/nba-2018-2019/philadelphia-76ers-atlanta-hawks-CA22Hsl2/,-513,395,-455,424
09-01-2019,BKN,ATL,116,100,1,NBA_2018/2019,usa/nba-2018-2019/brooklyn-nets-atlanta-hawks-na3pB6RS/,-392,316,-357,326
08-01-2019,TOR,ATL,104,101,1,NBA_2018/2019,usa/nba-2018-2019/toronto-raptors-atlanta-hawks-8OIvkdqL/,-1224,777,-1111,843
06-01-2019,ATL,MIA,106,82,1,NBA_2018/2019,usa/nba-2018-2019/atlanta-hawks-miami-heat-6B8Rbxx6/,226,-274,236,-263
04-01-2019,MIL,ATL,144,112,1,NBA_2018/2019,usa/nba-2018-2019/milwaukee-bucks-atlanta-hawks-nwA5gs0Q/,-1111,727,-833,775
02-01-2019,WSH,ATL,114,98,1,NBA_2018/2019,usa/nba-2018-2019/washington-wizards-atlanta-hawks-lCuONO9r/,-259,213,-250,227
31-12-2018,IND,ATL,116,108,1,NBA_2018/2019,usa/nba-2018-2019/indiana-pacers-atlanta-hawks-jJlDSDeA/,-1250,795,-1111,860
29-12-2018,ATL,CLE,111,108,1,NBA_2018/2019,usa/nba-2018-2019/atlanta-hawks-cleveland-cavaliers-bwTHvxZb/,-178,151,-169,160
28-12-2018,MIN,ATL,120,123,0,NBA_2018/2019,usa/nba-2018-2019/minnesota-timberwolves-atlanta-hawks-pz3rQxK5/,-462,357,-417,380
26-12-2018,ATL,IND,121,129,0,NBA_2018/2019,usa/nba-2018-2019/atlanta-hawks-indiana-pacers-IR7B6iNF/,218,-265,225,-250
23-12-2018,DET,ATL,95,98,0,NBA_2018/2019,usa/nba-2018-2019/detroit-pistons-atlanta-hawks-v1hbte9A/,-469,362,-435,384
21-12-2018,NY,ATL,107,114,0,NBA_2018/2019,usa/nba-2018-2019/new-york-knicks-atlanta-hawks-OjN0XaQu/,-132,112,-127,119
18-12-2018,ATL,WSH,118,110,1,NBA_2018/2019,usa/nba-2018-2019/atlanta-hawks-washington-wizards-U9wbHmzr/,133,-157,138,-149
16-12-2018,BKN,ATL,144,127,1,NBA_2018/2019,usa/nba-2018-2019/brooklyn-nets-atlanta-hawks-8Ieh4tud/,-300,246,-286,260
14-12-2018,BOS,ATL,129,108,1,NBA_2018/2019,usa/nba-2018-2019/boston-celtics-atlanta-hawks-8bayCXt5/,-952,651,-909,689
12-12-2018,DAL,ATL,114,107,1,NBA_2018/2019,usa/nba-2018-2019/dallas-mavericks-atlanta-hawks-8pK2cYRB/,-504,387,-455,411
08-12-2018,ATL,DEN,106,98,1,NBA_2018/2019,usa/nba-2018-2019/atlanta-hawks-denver-nuggets-tzpCJIq7/,196,-240,204,-227
05-12-2018,ATL,WSH,117,131,0,NBA_2018/2019,usa/nba-2018-2019/atlanta-hawks-washington-wizards-YspFCAWM/,135,-158,140,-145
03-12-2018,ATL,GSW,111,128,0,NBA_2018/2019,usa/nba-2018-2019/atlanta-hawks-golden-state-warriors-ruCT0DXA/,503,-690,550,-625
30-11-2018,OKC,ATL,124,109,1,NBA_2018/2019,usa/nba-2018-2019/oklahoma-city-thunder-atlanta-hawks-K4ZC4zHl/,-1176,755,-1000,800
28-11-2018,CHA,ATL,108,94,1,NBA_2018/2019,usa/nba-2018-2019/charlotte-hornets-atlanta-hawks-nik0xIXe/,-882,621,-714,671
27-11-2018,MIA,ATL,113,115,0,NBA_2018/2019,usa/nba-2018-2019/miami-heat-atlanta-hawks-d6rTq0uM/,-333,271,-294,285
25-11-2018,ATL,CHA,124,123,1,NBA_2018/2019,usa/nba-2018-2019/atlanta-hawks-charlotte-hornets-tGFsY2tA/,234,-284,244,-263
23-11-2018,ATL,BOS,96,114,0,NBA_2018/2019,usa/nba-2018-2019/atlanta-hawks-boston-celtics-rNAt9e7s/,273,-341,287,-303
21-11-2018,ATL,TOR,108,124,0,NBA_2018/2019,usa/nba-2018-2019/atlanta-hawks-toronto-raptors-viZnCLJj/,279,-343,295,-312
19-11-2018,ATL,LAC,119,127,0,NBA_2018/2019,usa/nba-2018-2019/atlanta-hawks-los-angeles-clippers-K8NeeHLp/,226,-276,245,-256
17-11-2018,IND,ATL,97,89,1,NBA_2018/2019,usa/nba-2018-2019/indiana-pacers-atlanta-hawks-0r3xi2Ub/,-714,526,-625,550
15-11-2018,DEN,ATL,138,93,1,NBA_2018/2019,usa/nba-2018-2019/denver-nuggets-atlanta-hawks-jVzmtoGt/,-1333,855,-1111,900
13-11-2018,GSW,ATL,110,103,1,NBA_2018/2019,usa/nba-2018-2019/golden-state-warriors-atlanta-hawks-Sdq1MjP7/,-820,584,-714,600
11-11-2018,LAL,ATL,107,106,1,NBA_2018/2019,usa/nba-2018-2019/los-angeles-lakers-atlanta-hawks-Gv7GAgQe/,-806,561,-714,586
09-11-2018,ATL,DET,109,124,0,NBA_2018/2019,usa/nba-2018-2019/atlanta-hawks-detroit-pistons-IPSfpcCj/,184,-221,196,-204
07-11-2018,ATL,NY,107,112,0,NBA_2018/2019,usa/nba-2018-2019/atlanta-hawks-new-york-knicks-QgAmjSrC/,100,-118,106,-111
06-11-2018,CHA,ATL,113,102,1,NBA_2018/2019,usa/nba-2018-2019/charlotte-hornets-atlanta-hawks-06wd0C6J/,-820,582,-714,616
03-11-2018,ATL,MIA,123,118,1,NBA_2018/2019,usa/nba-2018-2019/atlanta-hawks-miami-heat-2gC3wUs9/,192,-229,202,-222
01-11-2018,ATL,SAC,115,146,0,NBA_2018/2019,usa/nba-2018-2019/atlanta-hawks-sacramento-kings-b3Y6KFyU/,115,-135,121,-128
30-10-2018,CLE,ATL,136,114,1,NBA_2018/2019,usa/nba-2018-2019/cleveland-cavaliers-atlanta-hawks-nuPaDtOn/,-203,172,-196,177
29-10-2018,PHI,ATL,113,92,1,NBA_2018/2019,usa/nba-2018-2019/philadelphia-76ers-atlanta-hawks-Q9nTaNgm/,-800,577,-714,610
27-10-2018,ATL,CHI,85,97,0,NBA_2018/2019,usa/nba-2018-2019/atlanta-hawks-chicago-bulls-n58jn4Pm/,-232,192,-217,200
24-10-2018,ATL,DAL,111,104,1,NBA_2018/2019,usa/nba-2018-2019/atlanta-hawks-dallas-mavericks-Cjxctxcc/,106,-126,110,-116
21-10-2018,CLE,ATL,111,133,0,NBA_2018/2019,usa/nba-2018-2019/cleveland-cavaliers-atlanta-hawks-xA9jTU1B/,-375,300,-345,312
19-10-2018,MEM,ATL,131,117,1,NBA_2018/2019,usa/nba-2018-2019/memphis-grizzlies-atlanta-hawks-dvAXZuJQ/,-288,237,-263,245
17-10-2018,NY,ATL,126,107,1,NBA_2018/2019,usa/nba-2018-2019/new-york-knicks-atlanta-hawks-xIs70uS7/,-163,141,-156,148
12-10-2018,MIA,ATL,119,113,1,NBA_2018/2019,usa/nba-2018-2019/miami-heat-atlanta-hawks-bDHde52P/,-200,164,-189,174
10-10-2018,ATL,SA,130,127,1,NBA_2018/2019,usa/nba-2018-2019/atlanta-hawks-san-antonio-spurs-MR6IsnYP/,130,-150,135,-143
07-10-2018,OKC,ATL,113,94,1,NBA_2018/2019,usa/nba-2018-2019/oklahoma-city-thunder-atlanta-hawks-O0MpA7Cf/,-242,201,-233,204
05-10-2018,MEM,ATL,120,110,1,NBA_2018/2019,usa/nba-2018-2019/memphis-grizzlies-atlanta-hawks-pA1Be8c1/,-176,147,-159,160
01-10-2018,ATL,NO,116,102,1,NBA_2018/2019,usa/nba-2018-2019/atlanta-hawks-new-orleans-pelicans-S6Wn3aaA/,102,-121,104,-116
13-07-2018,LAC,ATL,81,97,0,NBA_Las_Vegas_Summer_League_2018,usa/nba-las-vegas-summer-league-2018/los-angeles-clippers-atlanta-hawks-WvoKoFzq/,-149,123,-141,135
12-07-2018,POR,ATL,95,69,1,NBA_Las_Vegas_Summer_League_2018,usa/nba-las-vegas-summer-league-2018/portland-trail-blazers-atlanta-hawks-67QoKlWP/,-296,232,-250,254
11-07-2018,IND,ATL,101,107,0,NBA_Las_Vegas_Summer_League_2018,usa/nba-las-vegas-summer-league-2018/indiana-pacers-atlanta-hawks-llwUcrIn/,-143,115,-135,127
10-07-2018,CHI,ATL,93,101,0,NBA_Las_Vegas_Summer_League_2018,usa/nba-las-vegas-summer-league-2018/chicago-bulls-atlanta-hawks-Sz2zeprR/,-192,155,-179,167
08-07-2018,ATL,POR,68,85,0,NBA_Las_Vegas_Summer_League_2018,usa/nba-las-vegas-summer-league-2018/atlanta-hawks-portland-trail-blazers-Q5CcMPy2/,177,-217,188,-213
07-07-2018,ATL,NY,89,91,0,NBA_Las_Vegas_Summer_League_2018,usa/nba-las-vegas-summer-league-2018/atlanta-hawks-new-york-knicks-WQocoI8o/,122,-148,129,-137
05-07-2018,UTAH,ATL,92,87,1,NBA_Utah_Summer_League_2018,usa/nba-utah-summer-league-2018/utah-jazz-atlanta-hawks-fDhNucVg/,-196,159,-182,175
03-07-2018,ATL,SA,81,103,0,NBA_Utah_Summer_League_2018,usa/nba-utah-summer-league-2018/atlanta-hawks-san-antonio-spurs-CfbmnahQ/,-139,119,-130,129
02-07-2018,MEM,ATL,103,88,1,NBA_Utah_Summer_League_2018,usa/nba-utah-summer-league-2018/memphis-grizzlies-atlanta-hawks-vs0ulLND/,118,-147,125,-143
10-04-2018,ATL,PHI,113,121,0,NBA_2017/2018,usa/nba-2017-2018/atlanta-hawks-philadelphia-76ers-l8wbnKW6/,431,-606,484,-500
08-04-2018,BOS,ATL,106,112,0,NBA_2017/2018,usa/nba-2017-2018/boston-celtics-atlanta-hawks-boLK30pp/,-547,399,-476,430
06-04-2018,WSH,ATL,97,103,0,NBA_2017/2018,usa/nba-2017-2018/washington-wizards-atlanta-hawks-reW3xOoo/,-700,490,-588,525
04-04-2018,ATL,MIA,86,115,0,NBA_2017/2018,usa/nba-2017-2018/atlanta-hawks-miami-heat-8Ic6Tp9U/,240,-304,263,-270
03-04-2018,MIA,ATL,101,98,1,NBA_2017/2018,usa/nba-2017-2018/miami-heat-atlanta-hawks-6DocPvCR/,-1296,763,-1111,890
01-04-2018,ATL,ORL,94,88,1,NBA_2017/2018,usa/nba-2017-2018/atlanta-hawks-orlando-magic-pr9QBLsS/,-122,101,-112,110
30-03-2018,ATL,PHI,91,101,0,NBA_2017/2018,usa/nba-2017-2018/atlanta-hawks-philadelphia-76ers-rwZ8cVMH/,288,-372,320,-333
28-03-2018,MIN,ATL,126,114,1,NBA_2017/2018,usa/nba-2017-2018/minnesota-timberwolves-atlanta-hawks-8KKQphwC/,-1186,731,-909,850
25-03-2018,HOU,ATL,118,99,1,NBA_2017/2018,usa/nba-2017-2018/houston-rockets-atlanta-hawks-0Gd8syHD/,-1667,916,-1250,1077
23-03-2018,GSW,ATL,106,94,1,NBA_2017/2018,usa/nba-2017-2018/golden-state-warriors-atlanta-hawks-bNpEXamk/,-795,548,-714,642
22-03-2018,SAC,ATL,105,90,1,NBA_2017/2018,usa/nba-2017-2018/sacramento-kings-atlanta-hawks-IBiBzT3T/,-165,137,-159,145
20-03-2018,UTAH,ATL,94,99,0,NBA_2017/2018,usa/nba-2017-2018/utah-jazz-atlanta-hawks-4S9KRXKb/,-1795,943,-1250,1050
17-03-2018,MIL,ATL,122,117,1,NBA_2017/2018,usa/nba-2017-2018/milwaukee-bucks-atlanta-hawks-lxL30eMa/,-769,532,-714,600
15-03-2018,ATL,CHA,117,129,0,NBA_2017/2018,usa/nba-2017-2018/atlanta-hawks-charlotte-hornets-r3xNiRwS/,179,-221,193,-204
13-03-2018,ATL,OKC,107,119,0,NBA_2017/2018,usa/nba-2017-2018/atlanta-hawks-oklahoma-city-thunder-xxKytUvG/,209,-257,229,-244
11-03-2018,ATL,CHI,122,129,0,NBA_2017/2018,usa/nba-2017-2018/atlanta-hawks-chicago-bulls-pdzatn59/,-130,109,-122,114
09-03-2018,IND,ATL,112,87,1,NBA_2017/2018,usa/nba-2017-2018/indiana-pacers-atlanta-hawks-ATnGpX8m/,-395,312,-345,341
06-03-2018,TOR,ATL,106,90,1,NBA_2017/2018,usa/nba-2017-2018/toronto-raptors-atlanta-hawks-bVfGFC9D/,-1129,700,-909,819
04-03-2018,ATL,PHX,113,112,1,NBA_2017/2018,usa/nba-2017-2018/atlanta-hawks-phoenix-suns-vmameoST/,-124,104,-119,110
02-03-2018,ATL,GSW,109,114,0,NBA_2017/2018,usa/nba-2017-2018/atlanta-hawks-golden-state-warriors-OxUknjqa/,748,-1273,850,-1000
28-02-2018,ATL,IND,107,102,1,NBA_2017/2018,usa/nba-2017-2018/atlanta-hawks-indiana-pacers-A9CvtFMP/,158,-191,170,-179
26-02-2018,ATL,LAL,104,123,0,NBA_2017/2018,usa/nba-2017-2018/atlanta-hawks-los-angeles-lakers-vklXuf5S/,110,-133,118,-127
23-02-2018,IND,ATL,116,93,1,NBA_2017/2018,usa/nba-2017-2018/indiana-pacers-atlanta-hawks-04W7Ia74/,-321,256,-294,275
14-02-2018,DET,ATL,104,98,1,NBA_2017/2018,usa/nba-2017-2018/detroit-pistons-atlanta-hawks-2X2s6VHs/,-598,428,-500,474
13-02-2018,MIL,ATL,97,92,1,NBA_2017/2018,usa/nba-2017-2018/milwaukee-bucks-atlanta-hawks-4dN6CXvE/,-332,250,-303,268
11-02-2018,ATL,DET,118,115,1,NBA_2017/2018,usa/nba-2017-2018/atlanta-hawks-detroit-pistons-6qdxvDYl/,139,-174,150,-161
09-02-2018,ATL,CLE,107,123,0,NBA_2017/2018,usa/nba-2017-2018/atlanta-hawks-cleveland-cavaliers-rPmCZcs3/,107,-132,118,-125
08-02-2018,ORL,ATL,100,98,1,NBA_2017/2018,usa/nba-2017-2018/orlando-magic-atlanta-hawks-lSouX4L4/,105,-131,110,-116
06-02-2018,ATL,MEM,108,82,1,NBA_2017/2018,usa/nba-2017-2018/atlanta-hawks-memphis-grizzlies-x805KRya/,-154,124,-143,131
04-02-2018,NY,ATL,96,99,0,NBA_2017/2018,usa/nba-2017-2018/new-york-knicks-atlanta-hawks-MD9kUslQ/,-237,187,-217,204
02-02-2018,BOS,ATL,119,110,1,NBA_2017/2018,usa/nba-2017-2018/boston-celtics-atlanta-hawks-vwno6Gai/,-287,238,-263,250
31-01-2018,ATL,CHA,110,123,0,NBA_2017/2018,usa/nba-2017-2018/atlanta-hawks-charlotte-hornets-O0x3gwGo/,121,-149,129,-139
29-01-2018,ATL,MIN,105,100,1,NBA_2017/2018,usa/nba-2017-2018/atlanta-hawks-minnesota-timberwolves-jJAbRKWh/,218,-282,244,-263
27-01-2018,ATL,WSH,104,129,0,NBA_2017/2018,usa/nba-2017-2018/atlanta-hawks-washington-wizards-p0KqXk3E/,135,-166,145,-154
26-01-2018,CHA,ATL,121,110,1,NBA_2017/2018,usa/nba-2017-2018/charlotte-hornets-atlanta-hawks-Wj7cLh42/,-303,231,-263,250
24-01-2018,ATL,TOR,93,108,0,NBA_2017/2018,usa/nba-2017-2018/atlanta-hawks-toronto-raptors-SKV8bPcr/,220,-285,240,-256
22-01-2018,ATL,UTAH,104,90,1,NBA_2017/2018,usa/nba-2017-2018/atlanta-hawks-utah-jazz-S2dK7EI5/,122,-151,135,-139
20-01-2018,ATL,CHI,97,113,0,NBA_2017/2018,usa/nba-2017-2018/atlanta-hawks-chicago-bulls-pKvUdc4m/,-133,107,-123,116
17-01-2018,ATL,NO,94,93,1,NBA_2017/2018,usa/nba-2017-2018/atlanta-hawks-new-orleans-pelicans-6gPGW0jr/,114,-142,129,-135
15-01-2018,ATL,SA,102,99,1,NBA_2017/2018,usa/nba-2017-2018/atlanta-hawks-san-antonio-spurs-pIm1xWM3/,186,-237,229,-208
12-01-2018,ATL,BKN,105,110,0,NBA_2017/2018,usa/nba-2017-2018/atlanta-hawks-brooklyn-nets-jLXmCZ8b/,-158,128,-139,140
10-01-2018,DEN,ATL,97,110,0,NBA_2017/2018,usa/nba-2017-2018/denver-nuggets-atlanta-hawks-KtcJdf9B/,-479,341,-417,370
08-01-2018,LAC,ATL,108,107,1,NBA_2017/2018,usa/nba-2017-2018/los-angeles-clippers-atlanta-hawks-jssLmaQt/,-187,152,-169,165
07-01-2018,LAL,ATL,132,113,1,NBA_2017/2018,usa/nba-2017-2018/los-angeles-lakers-atlanta-hawks-fgne0Hhk/,-163,132,-149,145
05-01-2018,POR,ATL,110,89,1,NBA_2017/2018,usa/nba-2017-2018/portland-trail-blazers-atlanta-hawks-6ZA8LLPj/,-318,240,-286,260
02-01-2018,PHX,ATL,104,103,1,NBA_2017/2018,usa/nba-2017-2018/phoenix-suns-atlanta-hawks-SAzFFgc0/,-115,-108,-103,102
30-12-2017,ATL,POR,104,89,1,NBA_2017/2018,usa/nba-2017-2018/atlanta-hawks-portland-trail-blazers-vDz3myE7/,120,-140,125,-133
29-12-2017,TOR,ATL,111,98,1,NBA_2017/2018,usa/nba-2017-2018/toronto-raptors-atlanta-hawks-zwiLmv9q/,-700,470,-526,520
27-12-2017,ATL,WSH,113,99,1,NBA_2017/2018,usa/nba-2017-2018/atlanta-hawks-washington-wizards-KrK8s9oH/,196,-249,210,-227
23-12-2017,ATL,DAL,112,107,1,NBA_2017/2018,usa/nba-2017-2018/atlanta-hawks-dallas-mavericks-UHXbVsyP/,-104,-119,102,-105
22-12-2017,OKC,ATL,120,117,1,NBA_2017/2018,usa/nba-2017-2018/oklahoma-city-thunder-atlanta-hawks-2qRxxSis/,-722,479,-500,545
20-12-2017,ATL,IND,95,105,0,NBA_2017/2018,usa/nba-2017-2018/atlanta-hawks-indiana-pacers-tfAlTc99/,160,-203,170,-189
18-12-2017,ATL,MIA,110,104,1,NBA_2017/2018,usa/nba-2017-2018/atlanta-hawks-miami-heat-lQG6Itei/,-121,103,-112,106
15-12-2017,MEM,ATL,96,94,1,NBA_2017/2018,usa/nba-2017-2018/memphis-grizzlies-atlanta-hawks-nwWgjOBb/,-264,220,-238,235
14-12-2017,ATL,DET,91,105,0,NBA_2017/2018,usa/nba-2017-2018/atlanta-hawks-detroit-pistons-lpuqeDcQ/,147,-172,150,-167
12-12-2017,CLE,ATL,123,114,1,NBA_2017/2018,usa/nba-2017-2018/cleveland-cavaliers-atlanta-hawks-WSI9NYye/,-864,596,-714,665
10-12-2017,NY,ATL,111,107,1,NBA_2017/2018,usa/nba-2017-2018/new-york-knicks-atlanta-hawks-YXzNWxF8/,-232,194,-200,210
09-12-2017,ATL,ORL,117,110,1,NBA_2017/2018,usa/nba-2017-2018/atlanta-hawks-orlando-magic-KEjB4aEI/,-198,167,-164,186
06-12-2017,ORL,ATL,110,106,1,NBA_2017/2018,usa/nba-2017-2018/orlando-magic-atlanta-hawks-hKKYso1l/,-249,209,-217,227
04-12-2017,ATL,BKN,90,110,0,NBA_2017/2018,usa/nba-2017-2018/atlanta-hawks-brooklyn-nets-8E5Zof2M/,-114,-104,-105,102
02-12-2017,BKN,ATL,102,114,0,NBA_2017/2018,usa/nba-2017-2018/brooklyn-nets-atlanta-hawks-0OjXwu4o/,-198,167,-175,179
30-11-2017,ATL,CLE,114,121,0,NBA_2017/2018,usa/nba-2017-2018/atlanta-hawks-cleveland-cavaliers-UTRv9K4B/,265,-329,285,-312
25-11-2017,ATL,TOR,78,112,0,NBA_2017/2018,usa/nba-2017-2018/atlanta-hawks-toronto-raptors-OMDBXcr5/,217,-261,236,-233
24-11-2017,ATL,NY,116,104,1,NBA_2017/2018,usa/nba-2017-2018/atlanta-hawks-new-york-knicks-jaKWi7CM/,-128,108,-111,114
22-11-2017,ATL,LAC,103,116,0,NBA_2017/2018,usa/nba-2017-2018/atlanta-hawks-los-angeles-clippers-GOGqgdia/,127,-150,146,-145
20-11-2017,SA,ATL,96,85,1,NBA_2017/2018,usa/nba-2017-2018/san-antonio-spurs-atlanta-hawks-M1eAvcx6/,-424,333,-357,388
18-11-2017,ATL,BOS,99,110,0,NBA_2017/2018,usa/nba-2017-2018/atlanta-hawks-boston-celtics-lKT5CvgD/,199,-241,220,-217
15-11-2017,ATL,SAC,126,80,1,NBA_2017/2018,usa/nba-2017-2018/atlanta-hawks-sacramento-kings-UiQ46CQM/,-204,172,-182,186
13-11-2017,NO,ATL,106,105,1,NBA_2017/2018,usa/nba-2017-2018/new-orleans-pelicans-atlanta-hawks-xfsY0VWn/,-414,327,-323,375
11-11-2017,WSH,ATL,113,94,1,NBA_2017/2018,usa/nba-2017-2018/washington-wizards-atlanta-hawks-825OpJtk/,-534,405,-435,461
10-11-2017,DET,ATL,111,104,1,NBA_2017/2018,usa/nba-2017-2018/detroit-pistons-atlanta-hawks-48NdWJRe/,-338,272,-294,290
06-11-2017,ATL,BOS,107,110,0,NBA_2017/2018,usa/nba-2017-2018/atlanta-hawks-boston-celtics-OCr6BqjT/,276,-343,293,-303
05-11-2017,CLE,ATL,115,117,0,NBA_2017/2018,usa/nba-2017-2018/cleveland-cavaliers-atlanta-hawks-d2rRACaI/,-854,597,-769,660
03-11-2017,ATL,HOU,104,119,0,NBA_2017/2018,usa/nba-2017-2018/atlanta-hawks-houston-rockets-4Ylq0eo0/,325,-422,334,-385
01-11-2017,PHI,ATL,119,109,1,NBA_2017/2018,usa/nba-2017-2018/philadelphia-76ers-atlanta-hawks-UwwFdMv8/,-318,259,-270,270
29-10-2017,ATL,MIL,106,117,0,NBA_2017/2018,usa/nba-2017-2018/atlanta-hawks-milwaukee-bucks-CE4o8DRo/,181,-222,199,-208
27-10-2017,ATL,DEN,100,105,0,NBA_2017/2018,usa/nba-2017-2018/atlanta-hawks-denver-nuggets-bgabziCU/,235,-286,250,-250
26-10-2017,CHI,ATL,91,86,1,NBA_2017/2018,usa/nba-2017-2018/chicago-bulls-atlanta-hawks-SlBQsHDt/,-132,112,-125,125
23-10-2017,MIA,ATL,104,93,1,NBA_2017/2018,usa/nba-2017-2018/miami-heat-atlanta-hawks-rPTuzTF2/,-761,542,-667,570
22-10-2017,BKN,ATL,116,104,1,NBA_2017/2018,usa/nba-2017-2018/brooklyn-nets-atlanta-hawks-GChoEogq/,-120,102,-114,108
20-10-2017,CHA,ATL,109,91,1,NBA_2017/2018,usa/nba-2017-2018/charlotte-hornets-atlanta-hawks-tWeGACni/,-186,159,-179,169
18-10-2017,DAL,ATL,111,117,0,NBA_2017/2018,usa/nba-2017-2018/dallas-mavericks-atlanta-hawks-Ovccfi2A/,-217,181,-204,190
12-10-2017,ATL,DAL,94,108,0,NBA_2017/2018,usa/nba-2017-2018/atlanta-hawks-dallas-mavericks-KbEIkedq/,-252,197,-217,225
09-10-2017,ATL,MEM,99,88,1,NBA_2017/2018,usa/nba-2017-2018/atlanta-hawks-memphis-grizzlies-jNt7OCE4/,104,-134,112,-125
06-10-2017,DET,ATL,109,87,1,NBA_2017/2018,usa/nba-2017-2018/detroit-pistons-atlanta-hawks-2wY1X0oe/,-214,166,-175,200
04-10-2017,CLE,ATL,93,109,0,NBA_2017/2018,usa/nba-2017-2018/cleveland-cavaliers-atlanta-hawks-Ms7kczG5/,-347,259,-312,270
01-10-2017,MIA,ATL,96,90,1,NBA_2017/2018,usa/nba-2017-2018/miami-heat-atlanta-hawks-A92CowHg/,-283,225,-256,245
14-07-2017,HOU,ATL,86,92,0,NBA_Las_Vegas_Summer_League_2017,usa/nba-las-vegas-summer-league-2017/houston-rockets-atlanta-hawks-4j6SOX5R/,-162,130,-147,150
12-07-2017,ATL,NO,95,105,0,NBA_Las_Vegas_Summer_League_2017,usa/nba-las-vegas-summer-league-2017/atlanta-hawks-new-orleans-pelicans-0lt9KaFE/,-175,141,-164,154
10-07-2017,CHI,ATL,55,75,0,NBA_Las_Vegas_Summer_League_2017,usa/nba-las-vegas-summer-league-2017/chicago-bulls-atlanta-hawks-l8TE1MkF/,-152,121,-137,133
09-07-2017,NO,ATL,82,84,0,NBA_Las_Vegas_Summer_League_2017,usa/nba-las-vegas-summer-league-2017/new-orleans-pelicans-atlanta-hawks-8l8umNzM/,-129,103,-123,112
07-07-2017,ATL,BKN,72,75,0,NBA_Las_Vegas_Summer_League_2017,usa/nba-las-vegas-summer-league-2017/atlanta-hawks-brooklyn-nets-veufyQyA/,143,-182,150,-172
28-04-2017,ATL,WSH,99,115,0,NBA_2016/2017,usa/nba-2016-2017/atlanta-hawks-washington-wizards-4Yf0ROma/,-146,125,-122,133
26-04-2017,WSH,ATL,103,99,1,NBA_2016/2017,usa/nba-2016-2017/washington-wizards-atlanta-hawks-ldB0etyb/,-266,221,-250,235
24-04-2017,ATL,WSH,111,101,1,NBA_2016/2017,usa/nba-2016-2017/atlanta-hawks-washington-wizards-AqcKwdXB/,-146,125,-143,136
22-04-2017,ATL,WSH,116,98,1,NBA_2016/2017,usa/nba-2016-2017/atlanta-hawks-washington-wizards-AVHoPdII/,-147,125,-137,136
19-04-2017,WSH,ATL,109,101,1,NBA_2016/2017,usa/nba-2016-2017/washington-wizards-atlanta-hawks-j1mdm948/,-241,202,-217,220
16-04-2017,WSH,ATL,114,107,1,NBA_2016/2017,usa/nba-2016-2017/washington-wizards-atlanta-hawks-xbNMY9kF/,-230,192,-217,202
12-04-2017,IND,ATL,104,86,1,NBA_2016/2017,usa/nba-2016-2017/indiana-pacers-atlanta-hawks-hOraBhig/,-1591,975,-1111,1200
11-04-2017,ATL,CHA,103,76,1,NBA_2016/2017,usa/nba-2016-2017/atlanta-hawks-charlotte-hornets-hA3Qdgx0/,-363,291,-312,309
09-04-2017,ATL,CLE,126,125,1,NBA_2016/2017,usa/nba-2016-2017/atlanta-hawks-cleveland-cavaliers-Ea855QO2/,173,-208,181,-192
07-04-2017,CLE,ATL,100,114,0,NBA_2016/2017,usa/nba-2016-2017/cleveland-cavaliers-atlanta-hawks-fyDcxSfG/,-1892,1066,-1250,1200
06-04-2017,ATL,BOS,123,116,1,NBA_2016/2017,usa/nba-2016-2017/atlanta-hawks-boston-celtics-nB9kvlQ3/,-103,-115,100,-109
02-04-2017,BKN,ATL,91,82,1,NBA_2016/2017,usa/nba-2016-2017/brooklyn-nets-atlanta-hawks-EPkE9xLC/,134,-158,140,-152
01-04-2017,CHI,ATL,106,104,1,NBA_2016/2017,usa/nba-2016-2017/chicago-bulls-atlanta-hawks-WtYNbL6f/,-223,186,-208,200
29-03-2017,PHI,ATL,92,99,0,NBA_2016/2017,usa/nba-2016-2017/philadelphia-76ers-atlanta-hawks-jPiUdvK9/,127,-150,137,-143
28-03-2017,ATL,PHX,95,91,1,NBA_2016/2017,usa/nba-2016-2017/atlanta-hawks-phoenix-suns-pSGUywrp/,-579,432,-500,487
26-03-2017,ATL,BKN,92,107,0,NBA_2016/2017,usa/nba-2016-2017/atlanta-hawks-brooklyn-nets-dUShSSEI/,-277,230,-256,240
24-03-2017,MIL,ATL,100,97,1,NBA_2016/2017,usa/nba-2016-2017/milwaukee-bucks-atlanta-hawks-GAe1xDxQ/,-276,228,-244,244
22-03-2017,WSH,ATL,104,100,1,NBA_2016/2017,usa/nba-2016-2017/washington-wizards-atlanta-hawks-61qD6fnr/,-335,269,-312,298
20-03-2017,CHA,ATL,105,90,1,NBA_2016/2017,usa/nba-2016-2017/charlotte-hornets-atlanta-hawks-6TqFk2Bj/,-237,198,-204,211
18-03-2017,ATL,POR,97,113,0,NBA_2016/2017,usa/nba-2016-2017/atlanta-hawks-portland-trail-blazers-pjilomK4/,-126,108,-122,114
16-03-2017,ATL,MEM,91,103,0,NBA_2016/2017,usa/nba-2016-2017/atlanta-hawks-memphis-grizzlies-WCdAZkLh/,-175,151,-167,160
13-03-2017,SA,ATL,107,99,1,NBA_2016/2017,usa/nba-2016-2017/san-antonio-spurs-atlanta-hawks-GE9JsgdF/,-294,241,-250,270
11-03-2017,MEM,ATL,90,107,0,NBA_2016/2017,usa/nba-2016-2017/memphis-grizzlies-atlanta-hawks-YchVFq75/,-269,224,-244,240
10-03-2017,ATL,TOR,105,99,1,NBA_2016/2017,usa/nba-2016-2017/atlanta-hawks-toronto-raptors-0OtYVec3/,-154,131,-143,140
08-03-2017,ATL,BKN,110,105,1,NBA_2016/2017,usa/nba-2016-2017/atlanta-hawks-brooklyn-nets-SdJzwA9f/,-543,413,-476,432
06-03-2017,ATL,GSW,111,119,0,NBA_2016/2017,usa/nba-2016-2017/atlanta-hawks-golden-state-warriors-0UNLrutG/,193,-232,200,-217
05-03-2017,ATL,IND,96,97,0,NBA_2016/2017,usa/nba-2016-2017/atlanta-hawks-indiana-pacers-j1LAYZ0B/,-150,128,-141,137
03-03-2017,ATL,CLE,130,135,0,NBA_2016/2017,usa/nba-2016-2017/atlanta-hawks-cleveland-cavaliers-EFlOGAZ8/,125,-147,136,-139
01-03-2017,ATL,DAL,100,95,1,NBA_2016/2017,usa/nba-2016-2017/atlanta-hawks-dallas-mavericks-EFMKuc7o/,-250,209,-217,216
27-02-2017,BOS,ATL,98,114,0,NBA_2016/2017,usa/nba-2016-2017/boston-celtics-atlanta-hawks-tznh9PW6/,-182,155,-169,165
25-02-2017,ORL,ATL,105,86,1,NBA_2016/2017,usa/nba-2016-2017/orlando-magic-atlanta-hawks-QZ7PLsaF/,141,-165,150,-145
24-02-2017,ATL,MIA,90,108,0,NBA_2016/2017,usa/nba-2016-2017/atlanta-hawks-miami-heat-Q1UdKUNA/,-142,121,-132,127
15-02-2017,LAC,ATL,99,84,1,NBA_2016/2017,usa/nba-2016-2017/los-angeles-clippers-atlanta-hawks-dMGA8XOb/,-161,138,-143,145
13-02-2017,POR,ATL,104,109,0,NBA_2016/2017,usa/nba-2016-2017/portland-trail-blazers-atlanta-hawks-WKK6vgAI/,-132,112,-125,117
10-02-2017,SAC,ATL,108,107,1,NBA_2016/2017,usa/nba-2016-2017/sacramento-kings-atlanta-hawks-M7bCYQsS/,107,-126,119,-115
08-02-2017,ATL,DEN,117,106,1,NBA_2016/2017,usa/nba-2016-2017/atlanta-hawks-denver-nuggets-GS0h8UTM/,-168,144,-159,150
06-02-2017,ATL,UTAH,95,120,0,NBA_2016/2017,usa/nba-2016-2017/atlanta-hawks-utah-jazz-SWD1aZph/,-115,-103,-105,100
04-02-2017,ATL,ORL,113,86,1,NBA_2016/2017,usa/nba-2016-2017/atlanta-hawks-orlando-magic-dMjf4tHD/,-324,264,-303,286
02-02-2017,HOU,ATL,108,113,0,NBA_2016/2017,usa/nba-2016-2017/houston-rockets-atlanta-hawks-M9JjTSlj/,-534,405,-435,426
01-02-2017,MIA,ATL,116,93,1,NBA_2016/2017,usa/nba-2016-2017/miami-heat-atlanta-hawks-tYdfiuyt/,-122,104,-110,110
29-01-2017,ATL,NY,142,139,1,NBA_2016/2017,usa/nba-2016-2017/atlanta-hawks-new-york-knicks-rNGW6uxJ/,-258,214,-233,220
27-01-2017,ATL,WSH,86,112,0,NBA_2016/2017,usa/nba-2016-2017/atlanta-hawks-washington-wizards-ruWXIoVD/,-155,132,-141,140
25-01-2017,CHI,ATL,114,119,0,NBA_2016/2017,usa/nba-2016-2017/chicago-bulls-atlanta-hawks-YkhQ3FP9/,104,-123,108,-111
23-01-2017,ATL,LAC,105,115,0,NBA_2016/2017,usa/nba-2016-2017/atlanta-hawks-los-angeles-clippers-CbAKj8UN/,-315,257,-278,265
21-01-2017,ATL,PHI,110,93,1,NBA_2016/2017,usa/nba-2016-2017/atlanta-hawks-philadelphia-76ers-GClQtX0a/,-609,448,-526,480
20-01-2017,ATL,CHI,102,93,1,NBA_2016/2017,usa/nba-2016-2017/atlanta-hawks-chicago-bulls-C646wbf7/,-178,152,-164,160
18-01-2017,DET,ATL,118,95,1,NBA_2016/2017,usa/nba-2016-2017/detroit-pistons-atlanta-hawks-nacBTMQr/,108,-128,116,-114
16-01-2017,NY,ATL,107,108,0,NBA_2016/2017,usa/nba-2016-2017/new-york-knicks-atlanta-hawks-EXca14sj/,123,-145,134,-135
15-01-2017,ATL,MIL,111,98,1,NBA_2016/2017,usa/nba-2016-2017/atlanta-hawks-milwaukee-bucks-jZhKA8K3/,-176,151,-161,163
13-01-2017,ATL,BOS,101,103,0,NBA_2016/2017,usa/nba-2016-2017/atlanta-hawks-boston-celtics-nw4WBcat/,-158,136,-143,145
10-01-2017,BKN,ATL,97,117,0,NBA_2016/2017,usa/nba-2016-2017/brooklyn-nets-atlanta-hawks-MDPuiNND/,309,-385,325,-303
07-01-2017,DAL,ATL,82,97,0,NBA_2016/2017,usa/nba-2016-2017/dallas-mavericks-atlanta-hawks-ja0HXD5e/,-100,-118,104,-110
05-01-2017,NO,ATL,94,99,0,NBA_2016/2017,usa/nba-2016-2017/new-orleans-pelicans-atlanta-hawks-z5uaJNpo/,-126,106,-118,110
04-01-2017,ORL,ATL,92,111,0,NBA_2016/2017,usa/nba-2016-2017/orlando-magic-atlanta-hawks-4tXBUmgn/,111,-131,118,-122
01-01-2017,ATL,SA,114,112,1,NBA_2016/2017,usa/nba-2016-2017/atlanta-hawks-san-antonio-spurs-MPghma4k/,179,-216,196,-200
30-12-2016,ATL,DET,105,98,1,NBA_2016/2017,usa/nba-2016-2017/atlanta-hawks-detroit-pistons-rBjWs4S9/,-141,121,-133,125
28-12-2016,ATL,NY,102,98,1,NBA_2016/2017,usa/nba-2016-2017/atlanta-hawks-new-york-knicks-tQWSt3QI/,-203,170,-172,190
26-12-2016,MIN,ATL,104,90,1,NBA_2016/2017,usa/nba-2016-2017/minnesota-timberwolves-atlanta-hawks-CUjlV5R6/,104,-122,110,-111
23-12-2016,DEN,ATL,108,109,0,NBA_2016/2017,usa/nba-2016-2017/denver-nuggets-atlanta-hawks-4pLfLUcr/,-217,182,-196,197
21-12-2016,ATL,MIN,84,92,0,NBA_2016/2017,usa/nba-2016-2017/atlanta-hawks-minnesota-timberwolves-Cfv6EMpb/,-185,158,-169,165
19-12-2016,OKC,ATL,108,110,0,NBA_2016/2017,usa/nba-2016-2017/oklahoma-city-thunder-atlanta-hawks-Qcd5q2oO/,-151,129,-143,138
17-12-2016,ATL,CHA,99,107,0,NBA_2016/2017,usa/nba-2016-2017/atlanta-hawks-charlotte-hornets-IDUFYpX5/,-141,120,-135,125
16-12-2016,TOR,ATL,121,125,0,NBA_2016/2017,usa/nba-2016-2017/toronto-raptors-atlanta-hawks-dGo31kPa/,-290,238,-263,250
13-12-2016,ATL,ORL,120,131,0,NBA_2016/2017,usa/nba-2016-2017/atlanta-hawks-orlando-magic-QaokUAOM/,-393,309,-345,321
09-12-2016,MIL,ATL,110,114,0,NBA_2016/2017,usa/nba-2016-2017/milwaukee-bucks-atlanta-hawks-0KO51LlJ/,-154,132,-145,143
07-12-2016,ATL,MIA,103,95,1,NBA_2016/2017,usa/nba-2016-2017/atlanta-hawks-miami-heat-CzSzbnrR/,-461,357,-357,375
05-12-2016,ATL,OKC,99,102,0,NBA_2016/2017,usa/nba-2016-2017/atlanta-hawks-oklahoma-city-thunder-C0BRW9qS/,-177,152,-169,160
03-12-2016,TOR,ATL,128,84,1,NBA_2016/2017,usa/nba-2016-2017/toronto-raptors-atlanta-hawks-EgmzbGI7/,-398,314,-333,326
02-12-2016,ATL,DET,85,121,0,NBA_2016/2017,usa/nba-2016-2017/atlanta-hawks-detroit-pistons-vVuEHwvO/,-124,105,-118,110
30-11-2016,PHX,ATL,109,107,1,NBA_2016/2017,usa/nba-2016-2017/phoenix-suns-atlanta-hawks-tIELfeFD/,154,-181,165,-172
28-11-2016,GSW,ATL,105,100,1,NBA_2016/2017,usa/nba-2016-2017/golden-state-warriors-atlanta-hawks-M9Z116WS/,-1750,1009,-1000,1150
27-11-2016,LAL,ATL,109,94,1,NBA_2016/2017,usa/nba-2016-2017/los-angeles-lakers-atlanta-hawks-YRRq7A2i/,176,-210,184,-185
25-11-2016,UTAH,ATL,95,68,1,NBA_2016/2017,usa/nba-2016-2017/utah-jazz-atlanta-hawks-6wTTuY3h/,-161,138,-143,145
23-11-2016,IND,ATL,85,96,0,NBA_2016/2017,usa/nba-2016-2017/indiana-pacers-atlanta-hawks-h2PRPLDf/,-102,-116,102,-109
22-11-2016,ATL,NO,94,112,0,NBA_2016/2017,usa/nba-2016-2017/atlanta-hawks-new-orleans-pelicans-h23dAtE7/,-385,304,-345,326
20-11-2016,NY,ATL,104,94,1,NBA_2016/2017,usa/nba-2016-2017/new-york-knicks-atlanta-hawks-AF9Z4oxS/,159,-185,165,-172
18-11-2016,CHA,ATL,100,96,1,NBA_2016/2017,usa/nba-2016-2017/charlotte-hornets-atlanta-hawks-McLR6njI/,-136,116,-127,125
16-11-2016,ATL,MIL,107,100,1,NBA_2016/2017,usa/nba-2016-2017/atlanta-hawks-milwaukee-bucks-nu7qf96C/,-220,177,-208,186
15-11-2016,MIA,ATL,90,93,0,NBA_2016/2017,usa/nba-2016-2017/miami-heat-atlanta-hawks-SGX6tjxD/,235,-286,244,-270
12-11-2016,ATL,PHI,117,96,1,NBA_2016/2017,usa/nba-2016-2017/atlanta-hawks-philadelphia-76ers-SMEoIFge/,-2414,1246,-2000,1500
09-11-2016,ATL,CHI,115,107,1,NBA_2016/2017,usa/nba-2016-2017/atlanta-hawks-chicago-bulls-OQ3S3PYp/,-163,137,-154,150
08-11-2016,CLE,ATL,106,110,0,NBA_2016/2017,usa/nba-2016-2017/cleveland-cavaliers-atlanta-hawks-lzCReStO/,-368,285,-345,332
05-11-2016,ATL,HOU,112,97,1,NBA_2016/2017,usa/nba-2016-2017/atlanta-hawks-houston-rockets-xC6OmDrm/,-156,130,-145,142
04-11-2016,WSH,ATL,95,92,1,NBA_2016/2017,usa/nba-2016-2017/washington-wizards-atlanta-hawks-WhC5fOa2/,-116,-104,-103,100
02-11-2016,ATL,LAL,116,123,0,NBA_2016/2017,usa/nba-2016-2017/atlanta-hawks-los-angeles-lakers-KY6tyFsp/,-933,619,-769,700
31-10-2016,ATL,SAC,106,95,1,NBA_2016/2017,usa/nba-2016-2017/atlanta-hawks-sacramento-kings-2kEFUYVe/,-308,244,-278,268
29-10-2016,PHI,ATL,72,104,0,NBA_2016/2017,usa/nba-2016-2017/philadelphia-76ers-atlanta-hawks-pWCtSuAc/,293,-383,322,-345
27-10-2016,ATL,WSH,114,99,1,NBA_2016/2017,usa/nba-2016-2017/atlanta-hawks-washington-wizards-8rm5evnB/,-182,152,-169,165
20-10-2016,CHI,ATL,81,97,0,NBA_2016/2017,usa/nba-2016-2017/chicago-bulls-atlanta-hawks-Q7qaJBRP/,-159,130,-149,140
18-10-2016,ATL,NO,96,89,1,NBA_2016/2017,usa/nba-2016-2017/atlanta-hawks-new-orleans-pelicans-dESVrVkD/,-313,240,-294,260
16-10-2016,ORL,ATL,98,105,0,NBA_2016/2017,usa/nba-2016-2017/orlando-magic-atlanta-hawks-Yi5EnhZj/,-231,183,-208,200
13-10-2016,ATL,DET,94,99,0,NBA_2016/2017,usa/nba-2016-2017/atlanta-hawks-detroit-pistons-hKEJcIsh/,-238,188,-227,200
10-10-2016,ATL,CLE,99,93,1,NBA_2016/2017,usa/nba-2016-2017/atlanta-hawks-cleveland-cavaliers-lCDqAhWL/,-361,272,-323,278
08-10-2016,SA,ATL,102,91,1,NBA_2016/2017,usa/nba-2016-2017/san-antonio-spurs-atlanta-hawks-SdPzCE19/,-202,166,-182,175
06-10-2016,MEM,ATL,83,104,0,NBA_2016/2017,usa/nba-2016-2017/memphis-grizzlies-atlanta-hawks-StyDdZ1M/,-172,144,-156,150
15-07-2016,MEM,ATL,79,89,0,NBA_Las_Vegas_Summer_League_2016,usa/nba-las-vegas-summer-league-2016/memphis-grizzlies-atlanta-hawks-bTPKHyoo/,108,-135,110,-123
14-07-2016,WSH,ATL,71,60,1,NBA_Las_Vegas_Summer_League_2016,usa/nba-las-vegas-summer-league-2016/washington-wizards-atlanta-hawks-88phzpdC/,-171,140,-161,149
13-07-2016,ATL,SAC,81,61,1,NBA_Las_Vegas_Summer_League_2016,usa/nba-las-vegas-summer-league-2016/atlanta-hawks-sacramento-kings-IF9QXOHT/,-256,206,-250,229
11-07-2016,ATL,BKN,65,72,0,NBA_Las_Vegas_Summer_League_2016,usa/nba-las-vegas-summer-league-2016/atlanta-hawks-brooklyn-nets-I1StTeCI/,-148,121,-143,129
10-07-2016,WSH,ATL,80,88,0,NBA_Las_Vegas_Summer_League_2016,usa/nba-las-vegas-summer-league-2016/washington-wizards-atlanta-hawks-OviovMKJ/,139,-166,145,-161
08-07-2016,HOU,ATL,78,83,0,NBA_Las_Vegas_Summer_League_2016,usa/nba-las-vegas-summer-league-2016/houston-rockets-atlanta-hawks-AFRS2abD/,-222,175,-222,179
08-05-2016,ATL,CLE,99,100,0,NBA_2015/2016,usa/nba-2015-2016/atlanta-hawks-cleveland-cavaliers-IP8SOj8L/,183,-218,199,-204
06-05-2016,ATL,CLE,108,121,0,NBA_2015/2016,usa/nba-2015-2016/atlanta-hawks-cleveland-cavaliers-vZ9OPWhF/,122,-143,129,-135
04-05-2016,CLE,ATL,123,98,1,NBA_2015/2016,usa/nba-2015-2016/cleveland-cavaliers-atlanta-hawks-dAKJQCw9/,-353,285,-333,332
02-05-2016,CLE,ATL,104,93,1,NBA_2015/2016,usa/nba-2015-2016/cleveland-cavaliers-atlanta-hawks-r7GFRhO2/,-387,307,-357,348
28-04-2016,BOS,ATL,92,104,0,NBA_2015/2016,usa/nba-2015-2016/boston-celtics-atlanta-hawks-6HktUcK1/,128,-149,144,-141
26-04-2016,ATL,BOS,110,83,1,NBA_2015/2016,usa/nba-2015-2016/atlanta-hawks-boston-celtics-WKfiqHCa/,-343,276,-312,285
24-04-2016,BOS,ATL,104,95,1,NBA_2015/2016,usa/nba-2015-2016/boston-celtics-atlanta-hawks-AJ5jiK2M/,-110,-107,100,-101
22-04-2016,BOS,ATL,111,103,1,NBA_2015/2016,usa/nba-2015-2016/boston-celtics-atlanta-hawks-Ma4Fk7RH/,-150,130,-123,140
19-04-2016,ATL,BOS,89,72,1,NBA_2015/2016,usa/nba-2015-2016/atlanta-hawks-boston-celtics-dr2ly8CO/,-267,222,-238,240
16-04-2016,ATL,BOS,102,101,1,NBA_2015/2016,usa/nba-2015-2016/atlanta-hawks-boston-celtics-z5VhnYKP/,-223,186,-213,196
13-04-2016,WSH,ATL,109,98,1,NBA_2015/2016,usa/nba-2015-2016/washington-wizards-atlanta-hawks-0lnXt6mI/,364,-472,384,-385
11-04-2016,CLE,ATL,109,94,1,NBA_2015/2016,usa/nba-2015-2016/cleveland-cavaliers-atlanta-hawks-OtU5vDRJ/,-256,214,-250,229
09-04-2016,ATL,BOS,118,107,1,NBA_2015/2016,usa/nba-2015-2016/atlanta-hawks-boston-celtics-EZYSIvaq/,-233,194,-217,210
07-04-2016,ATL,TOR,95,87,1,NBA_2015/2016,usa/nba-2015-2016/atlanta-hawks-toronto-raptors-6VvOY2Ce/,-269,223,-233,235
05-04-2016,ATL,PHX,103,90,1,NBA_2015/2016,usa/nba-2015-2016/atlanta-hawks-phoenix-suns-4Q6ErPNT/,-2857,1424,-2500,1700
01-04-2016,ATL,CLE,108,110,0,NBA_2015/2016,usa/nba-2015-2016/atlanta-hawks-cleveland-cavaliers-xEoXZxZs/,-137,117,-127,124
30-03-2016,TOR,ATL,105,97,1,NBA_2015/2016,usa/nba-2015-2016/toronto-raptors-atlanta-hawks-vHOsgXcA/,-115,-104,-110,100
28-03-2016,CHI,ATL,100,102,0,NBA_2015/2016,usa/nba-2015-2016/chicago-bulls-atlanta-hawks-fg6ETteB/,136,-160,140,-154
26-03-2016,DET,ATL,95,112,0,NBA_2015/2016,usa/nba-2015-2016/detroit-pistons-atlanta-hawks-xYydPR3P/,-118,-101,-114,102
25-03-2016,ATL,MIL,101,90,1,NBA_2015/2016,usa/nba-2015-2016/atlanta-hawks-milwaukee-bucks-0xpo7Sss/,-455,347,-417,365
23-03-2016,WSH,ATL,101,122,0,NBA_2015/2016,usa/nba-2015-2016/washington-wizards-atlanta-hawks-v1n0cIEF/,-114,-105,-109,-101
21-03-2016,ATL,WSH,102,117,0,NBA_2015/2016,usa/nba-2015-2016/atlanta-hawks-washington-wizards-pSz5wcNq/,-312,251,-303,270
19-03-2016,ATL,HOU,109,97,1,NBA_2015/2016,usa/nba-2015-2016/atlanta-hawks-houston-rockets-WfqzzOGi/,-305,244,-278,250
17-03-2016,ATL,DEN,116,98,1,NBA_2015/2016,usa/nba-2015-2016/atlanta-hawks-denver-nuggets-WIoZLzyC/,-365,284,-345,301
16-03-2016,DET,ATL,114,118,0,NBA_2015/2016,usa/nba-2015-2016/detroit-pistons-atlanta-hawks-zXX0L3p1/,-107,-112,-101,-108
13-03-2016,ATL,IND,104,75,1,NBA_2015/2016,usa/nba-2015-2016/atlanta-hawks-indiana-pacers-d8Vte7We/,-217,177,-204,184
12-03-2016,ATL,MEM,95,83,1,NBA_2015/2016,usa/nba-2015-2016/atlanta-hawks-memphis-grizzlies-vV5vi1Zh/,-1786,1004,-1429,1100
10-03-2016,TOR,ATL,104,96,1,NBA_2015/2016,usa/nba-2015-2016/toronto-raptors-atlanta-hawks-zVbo6Xvc/,-158,134,-154,140
08-03-2016,UTAH,ATL,84,91,0,NBA_2015/2016,usa/nba-2015-2016/utah-jazz-atlanta-hawks-r5uII7TQ/,-142,119,-132,129
05-03-2016,LAC,ATL,97,107,0,NBA_2015/2016,usa/nba-2015-2016/los-angeles-clippers-atlanta-hawks-lKNyE6Kp/,-226,188,-208,195
04-03-2016,LAL,ATL,77,106,0,NBA_2015/2016,usa/nba-2015-2016/los-angeles-lakers-atlanta-hawks-8nXtPWSo/,523,-698,660,-500
01-03-2016,GSW,ATL,109,105,1,NBA_2015/2016,usa/nba-2015-2016/golden-state-warriors-atlanta-hawks-OKhBtgaC/,-239,201,-227,225
28-02-2016,ATL,CHA,87,76,1,NBA_2015/2016,usa/nba-2015-2016/atlanta-hawks-charlotte-hornets-xpfrinH2/,-190,162,-182,171
26-02-2016,ATL,CHI,103,88,1,NBA_2015/2016,usa/nba-2015-2016/atlanta-hawks-chicago-bulls-fmZAHoQq/,-331,270,-294,285
22-02-2016,ATL,GSW,92,102,0,NBA_2015/2016,usa/nba-2015-2016/atlanta-hawks-golden-state-warriors-Sv09DuTt/,233,-279,270,-263
20-02-2016,ATL,MIL,109,117,0,NBA_2015/2016,usa/nba-2015-2016/atlanta-hawks-milwaukee-bucks-hbX20YXf/,-385,308,-357,340
19-02-2016,ATL,MIA,111,115,0,NBA_2015/2016,usa/nba-2015-2016/atlanta-hawks-miami-heat-jVAXpgY7/,-638,474,-455,525
10-02-2016,CHI,ATL,90,113,0,NBA_2015/2016,usa/nba-2015-2016/chicago-bulls-atlanta-hawks-Q90DgQKA/,151,-175,160,-167
08-02-2016,ATL,ORL,110,117,0,NBA_2015/2016,usa/nba-2015-2016/atlanta-hawks-orlando-magic-AaVFpVyt/,-411,324,-357,350
07-02-2016,ORL,ATL,96,94,1,NBA_2015/2016,usa/nba-2015-2016/orlando-magic-atlanta-hawks-COT9yhaP/,137,-160,145,-152
05-02-2016,ATL,IND,102,96,1,NBA_2015/2016,usa/nba-2015-2016/atlanta-hawks-indiana-pacers-QZRaN1vF/,-212,177,-200,185
03-02-2016,PHI,ATL,86,124,0,NBA_2015/2016,usa/nba-2015-2016/philadelphia-76ers-atlanta-hawks-zoineqeM/,285,-355,315,-323
01-02-2016,ATL,DAL,112,97,1,NBA_2015/2016,usa/nba-2015-2016/atlanta-hawks-dallas-mavericks-dxgGk21n/,-255,213,-222,222
31-01-2016,MIA,ATL,105,87,1,NBA_2015/2016,usa/nba-2015-2016/miami-heat-atlanta-hawks-QkADhVHQ/,127,-147,129,-137
28-01-2016,IND,ATL,111,92,1,NBA_2015/2016,usa/nba-2015-2016/indiana-pacers-atlanta-hawks-QeihUfZ8/,-142,121,-128,129
27-01-2016,ATL,LAC,83,85,0,NBA_2015/2016,usa/nba-2015-2016/atlanta-hawks-los-angeles-clippers-xzBc8DCk/,-221,184,-204,193
25-01-2016,DEN,ATL,105,119,0,NBA_2015/2016,usa/nba-2015-2016/denver-nuggets-atlanta-hawks-dbSVGpah/,143,-167,147,-159
23-01-2016,PHX,ATL,98,95,1,NBA_2015/2016,usa/nba-2015-2016/phoenix-suns-atlanta-hawks-Qg0P9TiP/,560,-789,620,-714
21-01-2016,SAC,ATL,91,88,1,NBA_2015/2016,usa/nba-2015-2016/sacramento-kings-atlanta-hawks-fymuwVGm/,-107,-110,100,-105
20-01-2016,POR,ATL,98,104,0,NBA_2015/2016,usa/nba-2015-2016/portland-trail-blazers-atlanta-hawks-lzKILToD/,102,-121,106,-114
18-01-2016,ATL,ORL,98,81,1,NBA_2015/2016,usa/nba-2015-2016/atlanta-hawks-orlando-magic-b97pg2eA/,-364,292,-333,305
16-01-2016,ATL,BKN,114,86,1,NBA_2015/2016,usa/nba-2015-2016/atlanta-hawks-brooklyn-nets-dvI7Ksko/,-645,479,-556,516
15-01-2016,MIL,ATL,108,101,1,NBA_2015/2016,usa/nba-2015-2016/milwaukee-bucks-atlanta-hawks-xGS8Wmrt/,162,-190,170,-169
13-01-2016,CHA,ATL,107,84,1,NBA_2015/2016,usa/nba-2015-2016/charlotte-hornets-atlanta-hawks-EJhzMcUK/,126,-146,131,-133
09-01-2016,ATL,CHI,120,105,1,NBA_2015/2016,usa/nba-2015-2016/atlanta-hawks-chicago-bulls-KMGitMGS/,-139,119,-127,129
07-01-2016,PHI,ATL,98,126,0,NBA_2015/2016,usa/nba-2015-2016/philadelphia-76ers-atlanta-hawks-8n5hpDBn/,385,-500,408,-417
05-01-2016,ATL,NY,101,107,0,NBA_2015/2016,usa/nba-2015-2016/atlanta-hawks-new-york-knicks-KMvbU30J/,-347,278,-323,295
03-01-2016,NY,ATL,111,97,1,NBA_2015/2016,usa/nba-2015-2016/new-york-knicks-atlanta-hawks-Ias8L8Hl/,163,-190,170,-175
29-12-2015,HOU,ATL,115,121,0,NBA_2015/2016,usa/nba-2015-2016/houston-rockets-atlanta-hawks-hxhPZ4y6/,-165,142,-159,147
28-12-2015,IND,ATL,93,87,1,NBA_2015/2016,usa/nba-2015-2016/indiana-pacers-atlanta-hawks-ETcyyfGr/,-120,102,-111,106
26-12-2015,ATL,NY,117,98,1,NBA_2015/2016,usa/nba-2015-2016/atlanta-hawks-new-york-knicks-M9sMVbv3/,-349,283,-312,300
23-12-2015,ATL,DET,107,100,1,NBA_2015/2016,usa/nba-2015-2016/atlanta-hawks-detroit-pistons-vDziCkMp/,-273,227,-233,252
21-12-2015,ATL,POR,106,97,1,NBA_2015/2016,usa/nba-2015-2016/atlanta-hawks-portland-trail-blazers-KUQSL2gs/,-698,512,-625,552
20-12-2015,ORL,ATL,100,103,0,NBA_2015/2016,usa/nba-2015-2016/orlando-magic-atlanta-hawks-I14c6Ngf/,-101,-117,104,-109
18-12-2015,BOS,ATL,101,109,0,NBA_2015/2016,usa/nba-2015-2016/boston-celtics-atlanta-hawks-WpKpv5A1/,-164,141,-154,145
16-12-2015,ATL,PHI,127,106,1,NBA_2015/2016,usa/nba-2015-2016/atlanta-hawks-philadelphia-76ers-bJt4RRQe/,-1622,961,-1111,1151
14-12-2015,ATL,MIA,88,100,0,NBA_2015/2016,usa/nba-2015-2016/atlanta-hawks-miami-heat-jZtuyubh/,-259,216,-238,222
12-12-2015,ATL,SA,78,103,0,NBA_2015/2016,usa/nba-2015-2016/atlanta-hawks-san-antonio-spurs-fPIgPsat/,125,-146,135,-143
10-12-2015,OKC,ATL,107,94,1,NBA_2015/2016,usa/nba-2015-2016/oklahoma-city-thunder-atlanta-hawks-t0Hqb50s/,-349,278,-323,290
09-12-2015,DAL,ATL,95,98,0,NBA_2015/2016,usa/nba-2015-2016/dallas-mavericks-atlanta-hawks-jJzDGDG8/,106,-125,110,-111
04-12-2015,ATL,LAL,100,87,1,NBA_2015/2016,usa/nba-2015-2016/atlanta-hawks-los-angeles-lakers-YJexsh8h/,-789,556,-667,622
02-12-2015,ATL,TOR,86,96,0,NBA_2015/2016,usa/nba-2015-2016/atlanta-hawks-toronto-raptors-6NQ5nrLB/,-182,157,-172,165
30-11-2015,ATL,OKC,106,100,1,NBA_2015/2016,usa/nba-2015-2016/atlanta-hawks-oklahoma-city-thunder-h8YhE2Yl/,131,-153,145,-143
28-11-2015,SA,ATL,108,88,1,NBA_2015/2016,usa/nba-2015-2016/san-antonio-spurs-atlanta-hawks-hQROATRd/,-317,260,-294,277
27-11-2015,MEM,ATL,101,116,0,NBA_2015/2016,usa/nba-2015-2016/memphis-grizzlies-atlanta-hawks-46Qm9Gjh/,-145,123,-139,129
25-11-2015,MIN,ATL,99,95,1,NBA_2015/2016,usa/nba-2015-2016/minnesota-timberwolves-atlanta-hawks-EJ23pCdf/,134,-156,140,-152
24-11-2015,ATL,BOS,121,97,1,NBA_2015/2016,usa/nba-2015-2016/atlanta-hawks-boston-celtics-MPwQWhSf/,-140,119,-133,125
21-11-2015,CLE,ATL,109,97,1,NBA_2015/2016,usa/nba-2015-2016/cleveland-cavaliers-atlanta-hawks-b9kJHMMj/,-229,191,-217,204
18-11-2015,ATL,SAC,103,97,1,NBA_2015/2016,usa/nba-2015-2016/atlanta-hawks-sacramento-kings-E3AWe60U/,-141,120,-133,125
17-11-2015,BKN,ATL,90,88,1,NBA_2015/2016,usa/nba-2015-2016/brooklyn-nets-atlanta-hawks-Iea63W1t/,160,-187,167,-172
15-11-2015,ATL,UTAH,96,97,0,NBA_2015/2016,usa/nba-2015-2016/atlanta-hawks-utah-jazz-v7V8pIe1/,-155,133,-145,138
13-11-2015,BOS,ATL,106,93,1,NBA_2015/2016,usa/nba-2015-2016/boston-celtics-atlanta-hawks-AkKzrPZ2/,102,-120,108,-114
11-11-2015,ATL,NO,106,98,1,NBA_2015/2016,usa/nba-2015-2016/atlanta-hawks-new-orleans-pelicans-80d2owPc/,-1200,777,-909,886
09-11-2015,ATL,MIN,107,117,0,NBA_2015/2016,usa/nba-2015-2016/atlanta-hawks-minnesota-timberwolves-0ILlW6Jg/,-411,322,-370,350
07-11-2015,ATL,WSH,114,99,1,NBA_2015/2016,usa/nba-2015-2016/atlanta-hawks-washington-wizards-0fHWPVdK/,-197,169,-185,177
06-11-2015,NO,ATL,115,121,0,NBA_2015/2016,usa/nba-2015-2016/new-orleans-pelicans-atlanta-hawks-SU6X6jjr/,122,-143,129,-132
04-11-2015,ATL,BKN,101,87,1,NBA_2015/2016,usa/nba-2015-2016/atlanta-hawks-brooklyn-nets-vmRDD17c/,-319,261,-294,277
03-11-2015,MIA,ATL,92,98,0,NBA_2015/2016,usa/nba-2015-2016/miami-heat-atlanta-hawks-IJcW0ONi/,-171,148,-161,154
01-11-2015,CHA,ATL,92,94,0,NBA_2015/2016,usa/nba-2015-2016/charlotte-hornets-atlanta-hawks-K8wvW3OH/,113,-132,118,-125
30-10-2015,ATL,CHA,97,94,1,NBA_2015/2016,usa/nba-2015-2016/atlanta-hawks-charlotte-hornets-COBlLnAa/,-182,154,-175,159
29-10-2015,NY,ATL,101,112,0,NBA_2015/2016,usa/nba-2015-2016/new-york-knicks-atlanta-hawks-lrSJYpN1/,166,-195,170,-185
27-10-2015,ATL,DET,94,106,0,NBA_2015/2016,usa/nba-2015-2016/atlanta-hawks-detroit-pistons-jR8dVBG9/,-316,254,-303,264
23-10-2015,DET,ATL,115,87,1,NBA_2015/2016,usa/nba-2015-2016/detroit-pistons-atlanta-hawks-2u70iRy5/,-123,104,-120,104
21-10-2015,ATL,MEM,81,82,0,NBA_2015/2016,usa/nba-2015-2016/atlanta-hawks-memphis-grizzlies-pC03JQ7p/,-136,110,-130,118
18-10-2015,ATL,MIA,92,101,0,NBA_2015/2016,usa/nba-2015-2016/atlanta-hawks-miami-heat-nHIGSUpb/,-299,241,-278,245
16-10-2015,DAL,ATL,84,91,0,NBA_2015/2016,usa/nba-2015-2016/dallas-mavericks-atlanta-hawks-KbpjyFo7/,185,-234,197,-227
14-10-2015,ATL,SA,100,86,1,NBA_2015/2016,usa/nba-2015-2016/atlanta-hawks-san-antonio-spurs-jJhZvcnr/,-163,134,-154,140
09-10-2015,NO,ATL,93,103,0,NBA_2015/2016,usa/nba-2015-2016/new-orleans-pelicans-atlanta-hawks-juMOYLP8/,138,-167,145,-154
07-10-2015,CLE,ATL,96,98,0,NBA_2015/2016,usa/nba-2015-2016/cleveland-cavaliers-atlanta-hawks-jqxQDKmq/,-145,118,-133,125
19-07-2015,ATL,SA,68,75,0,NBA_Las_Vegas_Summer_League_2015,usa/nba-las-vegas-summer-league-2015/atlanta-hawks-san-antonio-spurs-lnI08Q19/,-136,109,-111,125
18-07-2015,ATL,DAL,91,83,1,NBA_Las_Vegas_Summer_League_2015,usa/nba-las-vegas-summer-league-2015/atlanta-hawks-dallas-mavericks-IigqVIGM/,117,-150,125,-145
16-07-2015,DEN,ATL,73,82,0,NBA_Las_Vegas_Summer_League_2015,usa/nba-las-vegas-summer-league-2015/denver-nuggets-atlanta-hawks-v9zUfWmU/,-191,149,-189,167
15-07-2015,ATL,MIA,75,64,1,NBA_Las_Vegas_Summer_League_2015,usa/nba-las-vegas-summer-league-2015/atlanta-hawks-miami-heat-UeriXZps/,135,-172,150,-169
13-07-2015,ATL,nba d-league,74,84,0,NBA_Las_Vegas_Summer_League_2015,usa/nba-las-vegas-summer-league-2015/atlanta-hawks-nba-d-league-WUcWAdyP/,160,-200,170,-200
12-07-2015,ATL,GSW,71,70,1,NBA_Las_Vegas_Summer_League_2015,usa/nba-las-vegas-summer-league-2015/atlanta-hawks-golden-state-warriors-ln2BFKMg/,-101,-124,100,-120
10-07-2015,DEN,ATL,86,71,1,NBA_Las_Vegas_Summer_League_2015,usa/nba-las-vegas-summer-league-2015/denver-nuggets-atlanta-hawks-f7V1a8We/,-132,110,-132,110
26-05-2015,CLE,ATL,118,88,1,NBA_2014/2015,usa/nba-2014-2015/cleveland-cavaliers-atlanta-hawks-reYd2UaN/,-340,272,-323,292
24-05-2015,CLE,ATL,114,111,1,NBA_2014/2015,usa/nba-2014-2015/cleveland-cavaliers-atlanta-hawks-UiUh3ApH/,-400,311,-370,325
22-05-2015,ATL,CLE,82,94,0,NBA_2014/2015,usa/nba-2014-2015/atlanta-hawks-cleveland-cavaliers-zVUl4jVA/,-164,142,-159,150
20-05-2015,ATL,CLE,89,97,0,NBA_2014/2015,usa/nba-2014-2015/atlanta-hawks-cleveland-cavaliers-dvWp5WF4/,-138,117,-133,125
15-05-2015,WSH,ATL,91,94,0,NBA_2014/2015,usa/nba-2014-2015/washington-wizards-atlanta-hawks-dfnMXSot/,-141,119,-137,124
13-05-2015,ATL,WSH,82,81,1,NBA_2014/2015,usa/nba-2014-2015/atlanta-hawks-washington-wizards-ru2jb3Oe/,-307,248,-278,276
11-05-2015,WSH,ATL,101,106,0,NBA_2014/2015,usa/nba-2014-2015/washington-wizards-atlanta-hawks-EXg9DVWH/,168,-201,177,-196
09-05-2015,WSH,ATL,103,101,1,NBA_2014/2015,usa/nba-2014-2015/washington-wizards-atlanta-hawks-0Uk5EBHB/,160,-187,165,-179
05-05-2015,ATL,WSH,106,90,1,NBA_2014/2015,usa/nba-2014-2015/atlanta-hawks-washington-wizards-I500Fi25/,-476,361,-455,393
03-05-2015,ATL,WSH,98,104,0,NBA_2014/2015,usa/nba-2014-2015/atlanta-hawks-washington-wizards-vF1dGXna/,-227,187,-217,195
01-05-2015,BKN,ATL,87,111,0,NBA_2014/2015,usa/nba-2014-2015/brooklyn-nets-atlanta-hawks-xnPS7vP6/,172,-206,179,-200
29-04-2015,ATL,BKN,107,97,1,NBA_2014/2015,usa/nba-2014-2015/atlanta-hawks-brooklyn-nets-jsPkp8Zq/,-476,357,-435,400
27-04-2015,BKN,ATL,120,115,1,NBA_2014/2015,usa/nba-2014-2015/brooklyn-nets-atlanta-hawks-YDzyyEHR/,182,-222,190,-208
25-04-2015,BKN,ATL,91,83,1,NBA_2014/2015,usa/nba-2014-2015/brooklyn-nets-atlanta-hawks-4vWWyf2L/,137,-162,145,-161
22-04-2015,ATL,BKN,96,91,1,NBA_2014/2015,usa/nba-2014-2015/atlanta-hawks-brooklyn-nets-xSjYGhQe/,-495,371,-455,400
19-04-2015,ATL,BKN,99,92,1,NBA_2014/2015,usa/nba-2014-2015/atlanta-hawks-brooklyn-nets-KhyI5A4S/,-758,541,-714,587
15-04-2015,CHI,ATL,91,85,1,NBA_2014/2015,usa/nba-2014-2015/chicago-bulls-atlanta-hawks-O6PTeGzT/,-218,178,-200,185
13-04-2015,ATL,NY,108,112,0,NBA_2014/2015,usa/nba-2014-2015/atlanta-hawks-new-york-knicks-fc4GVJMN/,-2381,1132,-2000,1250
12-04-2015,WSH,ATL,108,99,1,NBA_2014/2015,usa/nba-2014-2015/washington-wizards-atlanta-hawks-SMpZItwI/,-494,375,-455,390
10-04-2015,ATL,CHA,104,80,1,NBA_2014/2015,usa/nba-2014-2015/atlanta-hawks-charlotte-hornets-8vyBSgAE/,-581,420,-556,455
08-04-2015,BKN,ATL,111,114,0,NBA_2014/2015,usa/nba-2014-2015/brooklyn-nets-atlanta-hawks-AmyYgZ3k/,-188,159,-185,171
07-04-2015,ATL,PHX,96,69,1,NBA_2014/2015,usa/nba-2014-2015/atlanta-hawks-phoenix-suns-xzHftGZk/,-296,240,-286,252
04-04-2015,ATL,BKN,131,99,1,NBA_2014/2015,usa/nba-2014-2015/atlanta-hawks-brooklyn-nets-dr6zkmMh/,-610,438,-588,480
31-03-2015,DET,ATL,105,95,1,NBA_2014/2015,usa/nba-2014-2015/detroit-pistons-atlanta-hawks-v52zS4cr/,108,-129,110,-118
30-03-2015,ATL,MIL,101,88,1,NBA_2014/2015,usa/nba-2014-2015/atlanta-hawks-milwaukee-bucks-OW03Zn58/,-455,345,-435,380
28-03-2015,CHA,ATL,115,100,1,NBA_2014/2015,usa/nba-2014-2015/charlotte-hornets-atlanta-hawks-8rPgJzFA/,-239,197,-233,210
27-03-2015,ATL,MIA,99,86,1,NBA_2014/2015,usa/nba-2014-2015/atlanta-hawks-miami-heat-hC2O3eFN/,-397,306,-370,325
25-03-2015,ORL,ATL,83,95,0,NBA_2014/2015,usa/nba-2014-2015/orlando-magic-atlanta-hawks-UgVc12gP/,345,-455,369,-435
22-03-2015,ATL,SA,95,114,0,NBA_2014/2015,usa/nba-2014-2015/atlanta-hawks-san-antonio-spurs-6qAoRUBe/,-127,106,-120,110
20-03-2015,OKC,ATL,123,115,1,NBA_2014/2015,usa/nba-2014-2015/oklahoma-city-thunder-atlanta-hawks-AXn9VOop/,-120,-101,-114,102
18-03-2015,GSW,ATL,114,95,1,NBA_2014/2015,usa/nba-2014-2015/golden-state-warriors-atlanta-hawks-xpt3Mo9T/,-296,238,-286,252
16-03-2015,SAC,ATL,103,110,0,NBA_2014/2015,usa/nba-2014-2015/sacramento-kings-atlanta-hawks-fovG6rDE/,159,-187,165,-179
15-03-2015,LAL,ATL,86,91,0,NBA_2014/2015,usa/nba-2014-2015/los-angeles-lakers-atlanta-hawks-zyOthqbL/,222,-270,240,-250
13-03-2015,PHX,ATL,87,96,0,NBA_2014/2015,usa/nba-2014-2015/phoenix-suns-atlanta-hawks-4YQpef8o/,215,-265,225,-244
11-03-2015,DEN,ATL,115,102,1,NBA_2014/2015,usa/nba-2014-2015/denver-nuggets-atlanta-hawks-0Q3pSeva/,246,-305,260,-294
09-03-2015,ATL,SAC,130,105,1,NBA_2014/2015,usa/nba-2014-2015/atlanta-hawks-sacramento-kings-AaHzGUT6/,-806,549,-769,621
07-03-2015,PHI,ATL,92,84,1,NBA_2014/2015,usa/nba-2014-2015/philadelphia-76ers-atlanta-hawks-WlMFO1G9/,268,-338,281,-323
06-03-2015,ATL,CLE,106,97,1,NBA_2014/2015,usa/nba-2014-2015/atlanta-hawks-cleveland-cavaliers-jV0tA21G/,103,-123,110,-118
03-03-2015,ATL,HOU,104,96,1,NBA_2014/2015,usa/nba-2014-2015/atlanta-hawks-houston-rockets-dErHn83h/,-420,321,-400,350
28-02-2015,MIA,ATL,91,93,0,NBA_2014/2015,usa/nba-2014-2015/miami-heat-atlanta-hawks-lSVWxbzR/,119,-142,127,-135
27-02-2015,ATL,ORL,95,88,1,NBA_2014/2015,usa/nba-2014-2015/atlanta-hawks-orlando-magic-E9HlQKjL/,-794,537,-667,600
25-02-2015,ATL,DAL,104,87,1,NBA_2014/2015,usa/nba-2014-2015/atlanta-hawks-dallas-mavericks-b7xCgMFq/,-455,341,-435,369
22-02-2015,MIL,ATL,86,97,0,NBA_2014/2015,usa/nba-2014-2015/milwaukee-bucks-atlanta-hawks-hQTUa3LI/,178,-218,185,-204
20-02-2015,ATL,TOR,80,105,0,NBA_2014/2015,usa/nba-2014-2015/atlanta-hawks-toronto-raptors-S8FQCJZm/,-228,186,-213,193
11-02-2015,BOS,ATL,89,88,1,NBA_2014/2015,usa/nba-2014-2015/boston-celtics-atlanta-hawks-fXOTzdnj/,247,-305,265,-286
09-02-2015,MIN,ATL,105,117,0,NBA_2014/2015,usa/nba-2014-2015/minnesota-timberwolves-atlanta-hawks-4ndRSbfT/,218,-267,231,-263
08-02-2015,MEM,ATL,94,88,1,NBA_2014/2015,usa/nba-2014-2015/memphis-grizzlies-atlanta-hawks-noOFAaYp/,-148,125,-141,129
06-02-2015,ATL,GSW,124,116,1,NBA_2014/2015,usa/nba-2014-2015/atlanta-hawks-golden-state-warriors-vwEw9nct/,109,-130,114,-127
04-02-2015,ATL,WSH,105,96,1,NBA_2014/2015,usa/nba-2014-2015/atlanta-hawks-washington-wizards-OhO9cGbR/,-240,197,-227,210
02-02-2015,NO,ATL,115,100,1,NBA_2014/2015,usa/nba-2014-2015/new-orleans-pelicans-atlanta-hawks-n7NT0UmM/,129,-153,133,-145
31-01-2015,ATL,PHI,91,85,1,NBA_2014/2015,usa/nba-2014-2015/atlanta-hawks-philadelphia-76ers-AmizigKc/,-4167,1551,-3333,1800
30-01-2015,ATL,POR,105,99,1,NBA_2014/2015,usa/nba-2014-2015/atlanta-hawks-portland-trail-blazers-Ot6xGQZq/,-223,182,-213,190
28-01-2015,ATL,BKN,113,102,1,NBA_2014/2015,usa/nba-2014-2015/atlanta-hawks-brooklyn-nets-vk2K9kDA/,-2000,1050,-1667,1125
25-01-2015,ATL,MIN,112,100,1,NBA_2014/2015,usa/nba-2014-2015/atlanta-hawks-minnesota-timberwolves-pnmO2s0Q/,-5000,1639,-3333,1900
23-01-2015,ATL,OKC,103,93,1,NBA_2014/2015,usa/nba-2014-2015/atlanta-hawks-oklahoma-city-thunder-nLItXO9r/,-169,143,-159,154
21-01-2015,ATL,IND,110,91,1,NBA_2014/2015,usa/nba-2014-2015/atlanta-hawks-indiana-pacers-SCsRxft4/,-685,484,-667,540
19-01-2015,ATL,DET,93,82,1,NBA_2014/2015,usa/nba-2014-2015/atlanta-hawks-detroit-pistons-nLAPVfJU/,-336,265,-312,277
17-01-2015,CHI,ATL,99,107,0,NBA_2014/2015,usa/nba-2014-2015/chicago-bulls-atlanta-hawks-E7zQs1CP/,133,-157,142,-154
16-01-2015,TOR,ATL,89,110,0,NBA_2014/2015,usa/nba-2014-2015/toronto-raptors-atlanta-hawks-WIs7lot9/,107,-128,112,-123
14-01-2015,BOS,ATL,91,105,0,NBA_2014/2015,usa/nba-2014-2015/boston-celtics-atlanta-hawks-Is8G89Fk/,188,-228,200,-213
13-01-2015,PHI,ATL,87,105,0,NBA_2014/2015,usa/nba-2014-2015/philadelphia-76ers-atlanta-hawks-8ClYeWVq/,448,-625,480,-556
11-01-2015,ATL,WSH,120,89,1,NBA_2014/2015,usa/nba-2014-2015/atlanta-hawks-washington-wizards-llFerD1p/,-179,153,-169,165
09-01-2015,DET,ATL,103,106,0,NBA_2014/2015,usa/nba-2014-2015/detroit-pistons-atlanta-hawks-dAdUuKun/,120,-143,127,-141
07-01-2015,ATL,MEM,96,86,1,NBA_2014/2015,usa/nba-2014-2015/atlanta-hawks-memphis-grizzlies-db8XM5Z6/,-176,150,-169,154
05-01-2015,LAC,ATL,98,107,0,NBA_2014/2015,usa/nba-2014-2015/los-angeles-clippers-atlanta-hawks-zLutXkcE/,-229,187,-217,195
03-01-2015,POR,ATL,107,115,0,NBA_2014/2015,usa/nba-2014-2015/portland-trail-blazers-atlanta-hawks-GtSwLOnM/,-251,207,-244,229
02-01-2015,UTAH,ATL,92,98,0,NBA_2014/2015,usa/nba-2014-2015/utah-jazz-atlanta-hawks-2ZV2JBBH/,157,-185,165,-182
30-12-2014,ATL,CLE,109,101,1,NBA_2014/2015,usa/nba-2014-2015/atlanta-hawks-cleveland-cavaliers-CYOlq5MJ/,-282,229,-256,256
27-12-2014,MIL,ATL,85,90,0,NBA_2014/2015,usa/nba-2014-2015/milwaukee-bucks-atlanta-hawks-GSG4C6or/,158,-187,165,-182
26-12-2014,ATL,MIL,77,107,0,NBA_2014/2015,usa/nba-2014-2015/atlanta-hawks-milwaukee-bucks-SrOiJH2c/,-490,367,-455,390
23-12-2014,ATL,LAC,107,104,1,NBA_2014/2015,usa/nba-2014-2015/atlanta-hawks-los-angeles-clippers-OdGdmHIT/,-124,104,-120,108
22-12-2014,DAL,ATL,102,105,0,NBA_2014/2015,usa/nba-2014-2015/dallas-mavericks-atlanta-hawks-0dEUqspI/,-186,158,-179,167
20-12-2014,HOU,ATL,97,104,0,NBA_2014/2015,usa/nba-2014-2015/houston-rockets-atlanta-hawks-Y9SZySos/,-213,175,-196,179
17-12-2014,CLE,ATL,98,127,0,NBA_2014/2015,usa/nba-2014-2015/cleveland-cavaliers-atlanta-hawks-ObVj7Gtj/,-307,247,-294,264
15-12-2014,ATL,CHI,93,86,1,NBA_2014/2015,usa/nba-2014-2015/atlanta-hawks-chicago-bulls-6c7laJlT/,-139,117,-135,123
13-12-2014,ORL,ATL,100,99,1,NBA_2014/2015,usa/nba-2014-2015/orlando-magic-atlanta-hawks-GW0k3Aqm/,128,-152,135,-145
12-12-2014,ATL,ORL,87,81,1,NBA_2014/2015,usa/nba-2014-2015/atlanta-hawks-orlando-magic-AVeydgxK/,-490,365,-455,390
10-12-2014,ATL,PHI,95,79,1,NBA_2014/2015,usa/nba-2014-2015/atlanta-hawks-philadelphia-76ers-AeFa0mC8/,-1389,826,-1250,925
08-12-2014,IND,ATL,92,108,0,NBA_2014/2015,usa/nba-2014-2015/indiana-pacers-atlanta-hawks-0bckpyMA/,-112,-107,-105,-105
07-12-2014,ATL,DEN,96,84,1,NBA_2014/2015,usa/nba-2014-2015/atlanta-hawks-denver-nuggets-pSUo9Ngm/,-254,208,-244,218
05-12-2014,BKN,ATL,75,98,0,NBA_2014/2015,usa/nba-2014-2015/brooklyn-nets-atlanta-hawks-C2rshVIe/,-105,-115,-104,-106
03-12-2014,MIA,ATL,102,112,0,NBA_2014/2015,usa/nba-2014-2015/miami-heat-atlanta-hawks-pz32tYJq/,-202,168,-189,171
02-12-2014,ATL,BOS,109,105,1,NBA_2014/2015,usa/nba-2014-2015/atlanta-hawks-boston-celtics-C4mkZGCG/,-299,240,-286,252
29-11-2014,ATL,CHA,105,75,1,NBA_2014/2015,usa/nba-2014-2015/atlanta-hawks-charlotte-hornets-INHlZeeJ/,-296,239,-278,250
28-11-2014,ATL,NO,100,91,1,NBA_2014/2015,usa/nba-2014-2015/atlanta-hawks-new-orleans-pelicans-rip3Nbd7/,-141,119,-133,125
26-11-2014,ATL,TOR,115,126,0,NBA_2014/2015,usa/nba-2014-2015/atlanta-hawks-toronto-raptors-rNQOTFyU/,139,-164,147,-161
25-11-2014,WSH,ATL,102,106,0,NBA_2014/2015,usa/nba-2014-2015/washington-wizards-atlanta-hawks-KlBsc2r2/,-182,156,-175,160
21-11-2014,ATL,DET,99,89,1,NBA_2014/2015,usa/nba-2014-2015/atlanta-hawks-detroit-pistons-2iqTeb1t/,-250,206,-233,210
18-11-2014,ATL,LAL,109,114,0,NBA_2014/2015,usa/nba-2014-2015/atlanta-hawks-los-angeles-lakers-jJIKUL2s/,-435,328,-417,358
15-11-2014,CLE,ATL,127,94,1,NBA_2014/2015,usa/nba-2014-2015/cleveland-cavaliers-atlanta-hawks-jwHUxPw4/,-299,238,-278,248
14-11-2014,ATL,MIA,114,103,1,NBA_2014/2015,usa/nba-2014-2015/atlanta-hawks-miami-heat-U7vbP594/,-199,165,-189,175
12-11-2014,ATL,UTAH,100,97,1,NBA_2014/2015,usa/nba-2014-2015/atlanta-hawks-utah-jazz-MN84FUut/,-318,255,-303,264
10-11-2014,NY,ATL,85,91,0,NBA_2014/2015,usa/nba-2014-2015/new-york-knicks-atlanta-hawks-YwlR1BBt/,109,-130,116,-120
08-11-2014,ATL,NY,103,96,1,NBA_2014/2015,usa/nba-2014-2015/atlanta-hawks-new-york-knicks-lxkTpJzk/,-284,232,-278,244
07-11-2014,CHA,ATL,122,119,1,NBA_2014/2015,usa/nba-2014-2015/charlotte-hornets-atlanta-hawks-rypFw2TL/,-125,104,-120,108
05-11-2014,SA,ATL,94,92,1,NBA_2014/2015,usa/nba-2014-2015/san-antonio-spurs-atlanta-hawks-QZF7KMMq/,-400,311,-385,333
01-11-2014,ATL,IND,102,92,1,NBA_2014/2015,usa/nba-2014-2015/atlanta-hawks-indiana-pacers-QwMkEQrD/,-658,472,-625,516
29-10-2014,TOR,ATL,109,102,1,NBA_2014/2015,usa/nba-2014-2015/toronto-raptors-atlanta-hawks-fRwYKKha/,-185,157,-179,166
22-10-2014,SA,ATL,107,117,0,NBA_2014/2015,usa/nba-2014-2015/san-antonio-spurs-atlanta-hawks-bZbXgRKa/,-160,135,-156,147
20-10-2014,ATL,CHA,117,114,1,NBA_2014/2015,usa/nba-2014-2015/atlanta-hawks-charlotte-hornets-6Hi7kCTD/,-225,183,-213,193
18-10-2014,ATL,DET,100,104,0,NBA_2014/2015,usa/nba-2014-2015/atlanta-hawks-detroit-pistons-viyvFVi1/,-152,128,-149,136
16-10-2014,CHI,ATL,85,84,1,NBA_2014/2015,usa/nba-2014-2015/chicago-bulls-atlanta-hawks-x2D5Iqsd/,-189,160,-185,166
14-10-2014,MIA,ATL,103,109,0,NBA_2014/2015,usa/nba-2014-2015/miami-heat-atlanta-hawks-8AcRHCjo/,-156,131,-149,135
11-10-2014,MEM,ATL,93,88,1,NBA_2014/2015,usa/nba-2014-2015/memphis-grizzlies-atlanta-hawks-rab9ByUB/,-167,142,-164,148
06-10-2014,ATL,NO,93,87,1,NBA_2014/2015,usa/nba-2014-2015/atlanta-hawks-new-orleans-pelicans-EoV28BH2/,-124,102,-115,110
19-07-2014,HOU,ATL,78,71,1,NBA_Las_Vegas_Summer_League_2014,usa/nba-las-vegas-summer-league-2014/houston-rockets-atlanta-hawks-Ee8X0dV4/,-175,159,-175,165
17-07-2014,POR,ATL,65,88,0,NBA_Las_Vegas_Summer_League_2014,usa/nba-las-vegas-summer-league-2014/portland-trail-blazers-atlanta-hawks-CvY4pNkC/,-234,182,-208,200
16-07-2014,GSW,ATL,65,68,0,NBA_Las_Vegas_Summer_League_2014,usa/nba-las-vegas-summer-league-2014/golden-state-warriors-atlanta-hawks-A7cnJcih/,-204,163,-179,170
15-07-2014,ATL,POR,76,91,0,NBA_Las_Vegas_Summer_League_2014,usa/nba-las-vegas-summer-league-2014/atlanta-hawks-portland-trail-blazers-2g2J02oC/,162,-203,175,-192
13-07-2014,nba d-league,ATL,94,92,1,NBA_Las_Vegas_Summer_League_2014,usa/nba-las-vegas-summer-league-2014/nba-d-league-atlanta-hawks-f7NzjoXg/,-181,151,-175,165
12-07-2014,WSH,ATL,90,74,1,NBA_Las_Vegas_Summer_League_2014,usa/nba-las-vegas-summer-league-2014/washington-wizards-atlanta-hawks-SdNekEtq/,-108,-115,-105,-114
03-05-2014,IND,ATL,92,80,1,NBA_2013/2014,usa/nba-2013-2014/indiana-pacers-atlanta-hawks-WzksGdsT/,-276,224,-256,250
01-05-2014,ATL,IND,88,95,0,NBA_2013/2014,usa/nba-2013-2014/atlanta-hawks-indiana-pacers-CIUtLbi8/,-129,106,-123,114
28-04-2014,IND,ATL,97,107,0,NBA_2013/2014,usa/nba-2013-2014/indiana-pacers-atlanta-hawks-hCp7R8Ij/,-333,262,-323,281
26-04-2014,ATL,IND,88,91,0,NBA_2013/2014,usa/nba-2013-2014/atlanta-hawks-indiana-pacers-v3LM73Ee/,120,-142,125,-139
24-04-2014,ATL,IND,98,85,1,NBA_2013/2014,usa/nba-2013-2014/atlanta-hawks-indiana-pacers-IBZRITMd/,111,-132,114,-123
22-04-2014,IND,ATL,101,85,1,NBA_2013/2014,usa/nba-2013-2014/indiana-pacers-atlanta-hawks-vLEh4U73/,-350,274,-333,295
19-04-2014,IND,ATL,93,101,0,NBA_2013/2014,usa/nba-2013-2014/indiana-pacers-atlanta-hawks-bouT5MRA/,-388,304,-345,345
16-04-2014,MIL,ATL,103,111,0,NBA_2013/2014,usa/nba-2013-2014/milwaukee-bucks-atlanta-hawks-IiPEvMj8/,-160,134,-147,145
14-04-2014,ATL,CHA,93,95,0,NBA_2013/2014,usa/nba-2013-2014/atlanta-hawks-charlotte-hornets-fiTZwk0c/,167,-202,175,-196
12-04-2014,ATL,MIA,98,85,1,NBA_2013/2014,usa/nba-2013-2014/atlanta-hawks-miami-heat-jJzv8lGT/,200,-240,210,-222
11-04-2014,BKN,ATL,88,93,0,NBA_2013/2014,usa/nba-2013-2014/brooklyn-nets-atlanta-hawks-CU4gE4L5/,-177,148,-172,158
09-04-2014,ATL,BOS,105,97,1,NBA_2013/2014,usa/nba-2013-2014/atlanta-hawks-boston-celtics-jeh33m7m/,-325,253,-303,269
08-04-2014,ATL,DET,95,102,0,NBA_2013/2014,usa/nba-2013-2014/atlanta-hawks-detroit-pistons-8bR6PfIi/,-323,256,-303,285
06-04-2014,IND,ATL,88,107,0,NBA_2013/2014,usa/nba-2013-2014/indiana-pacers-atlanta-hawks-APhpAbO2/,-373,294,-345,322
04-04-2014,ATL,CLE,117,98,1,NBA_2013/2014,usa/nba-2013-2014/atlanta-hawks-cleveland-cavaliers-2whWq2Ac/,-124,102,-118,110
02-04-2014,ATL,CHI,92,105,0,NBA_2013/2014,usa/nba-2013-2014/atlanta-hawks-chicago-bulls-xIFoY4Bo/,110,-133,119,-130
31-03-2014,ATL,PHI,103,95,1,NBA_2013/2014,usa/nba-2013-2014/atlanta-hawks-philadelphia-76ers-MRUnHCzf/,-1190,735,-1111,800
29-03-2014,WSH,ATL,101,97,1,NBA_2013/2014,usa/nba-2013-2014/washington-wizards-atlanta-hawks-CYGVAyEK/,-244,199,-238,222
27-03-2014,ATL,POR,85,100,0,NBA_2013/2014,usa/nba-2013-2014/atlanta-hawks-portland-trail-blazers-v1WnfUBq/,170,-207,179,-200
26-03-2014,MIN,ATL,107,83,1,NBA_2013/2014,usa/nba-2013-2014/minnesota-timberwolves-atlanta-hawks-6Zp6GKSo/,-235,191,-222,199
24-03-2014,ATL,PHX,95,102,0,NBA_2013/2014,usa/nba-2013-2014/atlanta-hawks-phoenix-suns-fyg6o0TB/,122,-145,129,-135
23-03-2014,TOR,ATL,96,86,1,NBA_2013/2014,usa/nba-2013-2014/toronto-raptors-atlanta-hawks-2Fsz3dZP/,-350,280,-303,305
21-03-2014,ATL,NO,105,111,0,NBA_2013/2014,usa/nba-2013-2014/atlanta-hawks-new-orleans-pelicans-xAg46VuI/,-239,196,-204,215
18-03-2014,ATL,TOR,118,113,1,NBA_2013/2014,usa/nba-2013-2014/atlanta-hawks-toronto-raptors-boiptZRC/,125,-148,129,-141
17-03-2014,CHA,ATL,83,97,0,NBA_2013/2014,usa/nba-2013-2014/charlotte-hornets-atlanta-hawks-l4qgfzBj/,-151,127,-139,129
15-03-2014,ATL,DEN,97,92,1,NBA_2013/2014,usa/nba-2013-2014/atlanta-hawks-denver-nuggets-IaHnmJ3N/,-236,191,-227,200
13-03-2014,ATL,MIL,102,97,1,NBA_2013/2014,usa/nba-2013-2014/atlanta-hawks-milwaukee-bucks-d8FijUDm/,-431,332,-385,350
10-03-2014,UTAH,ATL,110,112,0,NBA_2013/2014,usa/nba-2013-2014/utah-jazz-atlanta-hawks-OMLEp5QR/,117,-139,125,-135
08-03-2014,LAC,ATL,109,108,1,NBA_2013/2014,usa/nba-2013-2014/los-angeles-clippers-atlanta-hawks-x8O0Oa7t/,-3571,1400,-3333,1650
07-03-2014,GSW,ATL,111,97,1,NBA_2013/2014,usa/nba-2013-2014/golden-state-warriors-atlanta-hawks-I3iz8vNa/,-476,363,-455,400
05-03-2014,POR,ATL,102,78,1,NBA_2013/2014,usa/nba-2013-2014/portland-trail-blazers-atlanta-hawks-8AwJ130Q/,-543,408,-500,461
02-03-2014,PHX,ATL,129,120,1,NBA_2013/2014,usa/nba-2013-2014/phoenix-suns-atlanta-hawks-OrH4Tilp/,-365,285,-357,309
26-02-2014,BOS,ATL,115,104,1,NBA_2013/2014,usa/nba-2013-2014/boston-celtics-atlanta-hawks-QXUVQwBl/,-152,128,-149,135
25-02-2014,ATL,CHI,103,107,0,NBA_2013/2014,usa/nba-2013-2014/atlanta-hawks-chicago-bulls-ManmZ138/,113,-136,127,-130
22-02-2014,ATL,NY,107,98,1,NBA_2013/2014,usa/nba-2013-2014/atlanta-hawks-new-york-knicks-YeaO9ozc/,-129,108,-120,120
21-02-2014,DET,ATL,115,107,1,NBA_2013/2014,usa/nba-2013-2014/detroit-pistons-atlanta-hawks-fkCdenL3/,-174,147,-169,154
19-02-2014,ATL,WSH,97,114,0,NBA_2013/2014,usa/nba-2013-2014/atlanta-hawks-washington-wizards-nRwewEaI/,-119,-103,-115,104
18-02-2014,IND,ATL,108,98,1,NBA_2013/2014,usa/nba-2013-2014/indiana-pacers-atlanta-hawks-pvFDQzGC/,-633,466,-588,484
12-02-2014,TOR,ATL,104,83,1,NBA_2013/2014,usa/nba-2013-2014/toronto-raptors-atlanta-hawks-ERSTD6kj/,-273,223,-250,245
11-02-2014,CHI,ATL,100,85,1,NBA_2013/2014,usa/nba-2013-2014/chicago-bulls-atlanta-hawks-tMGkOav8/,-120,-101,-114,104
08-02-2014,ATL,MEM,76,79,0,NBA_2013/2014,usa/nba-2013-2014/atlanta-hawks-memphis-grizzlies-r91cGBtU/,-120,-101,-108,104
05-02-2014,NO,ATL,105,100,1,NBA_2013/2014,usa/nba-2013-2014/new-orleans-pelicans-atlanta-hawks-hQBfAIDt/,-147,124,-133,129
04-02-2014,ATL,IND,85,89,0,NBA_2013/2014,usa/nba-2013-2014/atlanta-hawks-indiana-pacers-KCiHdaqs/,131,-155,136,-149
01-02-2014,ATL,MIN,120,113,1,NBA_2013/2014,usa/nba-2013-2014/atlanta-hawks-minnesota-timberwolves-Ew9zlV09/,-150,127,-141,129
31-01-2014,PHI,ATL,99,125,0,NBA_2013/2014,usa/nba-2013-2014/philadelphia-76ers-atlanta-hawks-zml1ZVoG/,169,-206,181,-200
27-01-2014,OKC,ATL,111,109,1,NBA_2013/2014,usa/nba-2013-2014/oklahoma-city-thunder-atlanta-hawks-O8v0T3JP/,-595,438,-556,480
25-01-2014,MIL,ATL,87,112,0,NBA_2013/2014,usa/nba-2013-2014/milwaukee-bucks-atlanta-hawks-zDHTBGWf/,111,-133,120,-130
24-01-2014,ATL,SA,79,105,0,NBA_2013/2014,usa/nba-2013-2014/atlanta-hawks-san-antonio-spurs-reE76LfF/,174,-212,181,-200
22-01-2014,ORL,ATL,109,112,0,NBA_2013/2014,usa/nba-2013-2014/orlando-magic-atlanta-hawks-CEvhOjLO/,191,-237,197,-222
20-01-2014,ATL,MIA,121,114,1,NBA_2013/2014,usa/nba-2013-2014/atlanta-hawks-miami-heat-0d27CgMC/,171,-207,175,-189
16-01-2014,ATL,BKN,110,127,0,NBA_2013/2014,usa/nba-2013-2014/atlanta-hawks-brooklyn-nets-ABJt8JDT/,-118,-105,-114,100
12-01-2014,MEM,ATL,108,101,1,NBA_2013/2014,usa/nba-2013-2014/memphis-grizzlies-atlanta-hawks-SlyBbivl/,-202,167,-196,175
10-01-2014,ATL,HOU,83,80,1,NBA_2013/2014,usa/nba-2013-2014/atlanta-hawks-houston-rockets-KlLcYfQr/,118,-141,125,-139
08-01-2014,ATL,IND,97,87,1,NBA_2013/2014,usa/nba-2013-2014/atlanta-hawks-indiana-pacers-WOAlQcYL/,157,-187,160,-179
06-01-2014,BKN,ATL,91,86,1,NBA_2013/2014,usa/nba-2013-2014/brooklyn-nets-atlanta-hawks-xvTmUlTu/,-125,102,-123,110
04-01-2014,CHI,ATL,91,84,1,NBA_2013/2014,usa/nba-2013-2014/chicago-bulls-atlanta-hawks-8lb0blqC/,-209,172,-200,181
03-01-2014,ATL,GSW,100,101,0,NBA_2013/2014,usa/nba-2013-2014/atlanta-hawks-golden-state-warriors-GfZMpVEC/,129,-152,136,-149
31-12-2013,BOS,ATL,91,92,0,NBA_2013/2014,usa/nba-2013-2014/boston-celtics-atlanta-hawks-GfJblhbj/,-150,127,-145,135
29-12-2013,ORL,ATL,109,102,1,NBA_2013/2014,usa/nba-2013-2014/orlando-magic-atlanta-hawks-Otjdte6T/,-154,130,-149,140
28-12-2013,ATL,CHA,118,116,1,NBA_2013/2014,usa/nba-2013-2014/atlanta-hawks-charlotte-hornets-pxCJSyxU/,-249,202,-238,216
26-12-2013,CLE,ATL,125,127,0,NBA_2013/2014,usa/nba-2013-2014/cleveland-cavaliers-atlanta-hawks-YD6GKMwg/,126,-150,131,-145
23-12-2013,MIA,ATL,121,119,1,NBA_2013/2014,usa/nba-2013-2014/miami-heat-atlanta-hawks-AHhDPBPK/,-373,289,-333,300
20-12-2013,ATL,UTAH,118,85,1,NBA_2013/2014,usa/nba-2013-2014/atlanta-hawks-utah-jazz-WYFkufKq/,-345,273,-333,292
18-12-2013,ATL,SAC,124,107,1,NBA_2013/2014,usa/nba-2013-2014/atlanta-hawks-sacramento-kings-QDCsoPj5/,-260,213,-250,227
16-12-2013,ATL,LAL,114,100,1,NBA_2013/2014,usa/nba-2013-2014/atlanta-hawks-los-angeles-lakers-WSMNeLmQ/,-249,204,-233,210
14-12-2013,NY,ATL,111,106,1,NBA_2013/2014,usa/nba-2013-2014/new-york-knicks-atlanta-hawks-Aagtqr4K/,-111,-106,-108,-103
13-12-2013,ATL,WSH,101,99,1,NBA_2013/2014,usa/nba-2013-2014/atlanta-hawks-washington-wizards-4tRF9sD1/,-242,203,-233,210
10-12-2013,ATL,OKC,92,101,0,NBA_2013/2014,usa/nba-2013-2014/atlanta-hawks-oklahoma-city-thunder-jNfEzHGO/,136,-160,140,-154
06-12-2013,ATL,CLE,108,89,1,NBA_2013/2014,usa/nba-2013-2014/atlanta-hawks-cleveland-cavaliers-8xYaZCZ2/,-256,210,-238,214
04-12-2013,ATL,LAC,107,97,1,NBA_2013/2014,usa/nba-2013-2014/atlanta-hawks-los-angeles-clippers-4puYENWj/,121,-143,125,-135
02-12-2013,SA,ATL,102,100,1,NBA_2013/2014,usa/nba-2013-2014/san-antonio-spurs-atlanta-hawks-jLmNJCII/,-1111,712,-1000,760
30-11-2013,WSH,ATL,108,101,1,NBA_2013/2014,usa/nba-2013-2014/washington-wizards-atlanta-hawks-h4UaGwCQ/,-174,147,-164,162
29-11-2013,ATL,DAL,88,87,1,NBA_2013/2014,usa/nba-2013-2014/atlanta-hawks-dallas-mavericks-pQoJ30SK/,-102,-119,104,-115
27-11-2013,HOU,ATL,113,84,1,NBA_2013/2014,usa/nba-2013-2014/houston-rockets-atlanta-hawks-8vyujsbL/,-379,298,-345,322
26-11-2013,ATL,ORL,92,109,0,NBA_2013/2014,usa/nba-2013-2014/atlanta-hawks-orlando-magic-fXv4lUMG/,-327,260,-312,273
23-11-2013,ATL,BOS,87,94,0,NBA_2013/2014,usa/nba-2013-2014/atlanta-hawks-boston-celtics-0GMvRZOh/,-471,357,-435,380
22-11-2013,DET,ATL,89,96,0,NBA_2013/2014,usa/nba-2013-2014/detroit-pistons-atlanta-hawks-vmgcEdum/,-170,146,-164,150
20-11-2013,ATL,DET,93,85,1,NBA_2013/2014,usa/nba-2013-2014/atlanta-hawks-detroit-pistons-h84myaV2/,-225,184,-222,200
19-11-2013,MIA,ATL,104,88,1,NBA_2013/2014,usa/nba-2013-2014/miami-heat-atlanta-hawks-IewILJVF/,-465,348,-417,359
16-11-2013,NY,ATL,90,110,0,NBA_2013/2014,usa/nba-2013-2014/new-york-knicks-atlanta-hawks-j7v2fsXG/,-178,152,-175,160
15-11-2013,ATL,PHI,113,103,1,NBA_2013/2014,usa/nba-2013-2014/atlanta-hawks-philadelphia-76ers-rLaJqQIb/,-440,340,-385,350
13-11-2013,ATL,NY,91,95,0,NBA_2013/2014,usa/nba-2013-2014/atlanta-hawks-new-york-knicks-nyezpZCs/,-175,150,-169,154
11-11-2013,CHA,ATL,94,103,0,NBA_2013/2014,usa/nba-2013-2014/charlotte-hornets-atlanta-hawks-ENERGzqe/,107,-129,114,-123
09-11-2013,ATL,ORL,104,94,1,NBA_2013/2014,usa/nba-2013-2014/atlanta-hawks-orlando-magic-d8XL9JyS/,-278,227,-263,240
07-11-2013,DEN,ATL,109,107,1,NBA_2013/2014,usa/nba-2013-2014/denver-nuggets-atlanta-hawks-0IqUBl1b/,-202,171,-179,179
05-11-2013,SAC,ATL,100,105,0,NBA_2013/2014,usa/nba-2013-2014/sacramento-kings-atlanta-hawks-UeQtHOLt/,-135,114,-128,116
03-11-2013,LAL,ATL,105,103,1,NBA_2013/2014,usa/nba-2013-2014/los-angeles-lakers-atlanta-hawks-tGmu9RTJ/,-108,-114,-105,-103
01-11-2013,ATL,TOR,102,95,1,NBA_2013/2014,usa/nba-2013-2014/atlanta-hawks-toronto-raptors-YFT55yGb/,-159,135,-154,143
30-10-2013,DAL,ATL,118,109,1,NBA_2013/2014,usa/nba-2013-2014/dallas-mavericks-atlanta-hawks-2ZVWtaaO/,-242,196,-233,210
23-10-2013,DAL,ATL,98,88,1,NBA_2013/2014,usa/nba-2013-2014/dallas-mavericks-atlanta-hawks-48iPw3BO/,-289,231,-270,248
22-10-2013,ATL,IND,89,107,0,NBA_2013/2014,usa/nba-2013-2014/atlanta-hawks-indiana-pacers-rNxsvC57/,113,-140,129,-130
20-10-2013,ATL,MEM,82,90,0,NBA_2013/2014,usa/nba-2013-2014/atlanta-hawks-memphis-grizzlies-Mq6okxE8/,-106,-115,100,100
17-10-2013,ATL,SA,104,106,0,NBA_2013/2014,usa/nba-2013-2014/atlanta-hawks-san-antonio-spurs-00MBwcaj/,129,-158,140,-149
13-10-2013,NO,ATL,105,73,1,NBA_2013/2014,usa/nba-2013-2014/new-orleans-pelicans-atlanta-hawks-0YPMUSGI/,-140,121,-127,129
08-10-2013,CHA,ATL,85,87,0,NBA_2013/2014,usa/nba-2013-2014/charlotte-hornets-atlanta-hawks-A9G06hY0/,101,-125,104,-111
07-10-2013,MIA,ATL,92,87,1,NBA_2013/2014,usa/nba-2013-2014/miami-heat-atlanta-hawks-hxKNAh7d/,-357,286,-345,305
19-07-2013,ATL,SAC,87,93,0,NBA_Las_Vegas_Summer_League_2013,usa/nba-las-vegas-summer-league-2013/atlanta-hawks-sacramento-kings-GfPZJqxU/,-319,237,-303,260
17-07-2013,POR,ATL,70,69,1,NBA_Las_Vegas_Summer_League_2013,usa/nba-las-vegas-summer-league-2013/portland-trail-blazers-atlanta-hawks-tYUiVVE6/,119,-155,125,-147
15-07-2013,ATL,SA,87,96,0,NBA_Las_Vegas_Summer_League_2013,usa/nba-las-vegas-summer-league-2013/atlanta-hawks-san-antonio-spurs-jZ6wZfpN/,-139,106,-132,110
14-07-2013,MIA,ATL,71,75,0,NBA_Las_Vegas_Summer_League_2013,usa/nba-las-vegas-summer-league-2013/miami-heat-atlanta-hawks-vuTVFFwo/,-147,125,-147,125
12-07-2013,LAC,ATL,90,83,1,NBA_Las_Vegas_Summer_League_2013,usa/nba-las-vegas-summer-league-2013/los-angeles-clippers-atlanta-hawks-lzfDB0na/,104,-125,104,-125
03-05-2013,ATL,IND,73,81,0,NBA_2012/2013,usa/nba-2012-2013/atlanta-hawks-indiana-pacers-xl4XBM90/,-118,-104,-106,100
01-05-2013,IND,ATL,106,83,1,NBA_2012/2013,usa/nba-2012-2013/indiana-pacers-atlanta-hawks-UToSse8Q/,-333,263,-323,281
29-04-2013,ATL,IND,102,91,1,NBA_2012/2013,usa/nba-2012-2013/atlanta-hawks-indiana-pacers-2s48CrKG/,-122,100,-118,106
27-04-2013,ATL,IND,90,69,1,NBA_2012/2013,usa/nba-2012-2013/atlanta-hawks-indiana-pacers-tSFaE4k4/,-131,109,-125,112
24-04-2013,IND,ATL,113,98,1,NBA_2012/2013,usa/nba-2012-2013/indiana-pacers-atlanta-hawks-Y1CiGQKi/,-357,283,-323,295
21-04-2013,IND,ATL,107,90,1,NBA_2012/2013,usa/nba-2012-2013/indiana-pacers-atlanta-hawks-IgU4hNSp/,-331,262,-323,281
17-04-2013,NY,ATL,98,92,1,NBA_2012/2013,usa/nba-2012-2013/new-york-knicks-atlanta-hawks-0YgPCapT/,-198,166,-179,175
16-04-2013,ATL,TOR,96,113,0,NBA_2012/2013,usa/nba-2012-2013/atlanta-hawks-toronto-raptors-AmHDf0Op/,-226,183,-208,188
12-04-2013,ATL,MIL,109,104,1,NBA_2012/2013,usa/nba-2012-2013/atlanta-hawks-milwaukee-bucks-KdozgSVr/,-325,258,-303,274
10-04-2013,PHI,ATL,101,124,0,NBA_2012/2013,usa/nba-2012-2013/philadelphia-76ers-atlanta-hawks-dp1MmXg3/,134,-158,142,-152
06-04-2013,SA,ATL,99,97,1,NBA_2012/2013,usa/nba-2012-2013/san-antonio-spurs-atlanta-hawks-td3sIu4I/,-658,484,-500,550
05-04-2013,ATL,PHI,90,101,0,NBA_2012/2013,usa/nba-2012-2013/atlanta-hawks-philadelphia-76ers-tGPf84zf/,-275,222,-238,250
03-04-2013,ATL,NY,82,95,0,NBA_2012/2013,usa/nba-2012-2013/atlanta-hawks-new-york-knicks-bBtTGyNd/,-123,100,-118,106
01-04-2013,ATL,CLE,102,94,1,NBA_2012/2013,usa/nba-2012-2013/atlanta-hawks-cleveland-cavaliers-E3vs1SBT/,-735,484,-667,534
30-03-2013,ATL,ORL,97,88,1,NBA_2012/2013,usa/nba-2012-2013/atlanta-hawks-orlando-magic-bXuh93X0/,-820,547,-667,620
29-03-2013,BOS,ATL,118,107,1,NBA_2012/2013,usa/nba-2012-2013/boston-celtics-atlanta-hawks-2my99CRq/,-140,118,-128,124
27-03-2013,TOR,ATL,88,107,0,NBA_2012/2013,usa/nba-2012-2013/toronto-raptors-atlanta-hawks-IL2n6wLi/,119,-142,125,-132
25-03-2013,IND,ATL,100,94,1,NBA_2012/2013,usa/nba-2012-2013/indiana-pacers-atlanta-hawks-CKDfZdjU/,-282,228,-256,240
24-03-2013,MIL,ATL,99,104,0,NBA_2012/2013,usa/nba-2012-2013/milwaukee-bucks-atlanta-hawks-AkUQus7n/,-138,115,-133,120
22-03-2013,ATL,POR,93,104,0,NBA_2012/2013,usa/nba-2012-2013/atlanta-hawks-portland-trail-blazers-lpXZw0K1/,-336,266,-312,277
20-03-2013,ATL,MIL,98,90,1,NBA_2012/2013,usa/nba-2012-2013/atlanta-hawks-milwaukee-bucks-407PtgHa/,-244,198,-233,204
18-03-2013,ATL,DAL,113,127,0,NBA_2012/2013,usa/nba-2012-2013/atlanta-hawks-dallas-mavericks-AqHc5Bwd/,-185,156,-175,165
17-03-2013,BKN,ATL,93,105,0,NBA_2012/2013,usa/nba-2012-2013/brooklyn-nets-atlanta-hawks-n378R1fb/,-182,153,-175,156
15-03-2013,ATL,PHX,107,94,1,NBA_2012/2013,usa/nba-2012-2013/atlanta-hawks-phoenix-suns-lrErhXSb/,-435,334,-400,376
13-03-2013,ATL,LAL,96,92,1,NBA_2012/2013,usa/nba-2012-2013/atlanta-hawks-los-angeles-lakers-jqvPbrpE/,138,-163,150,-154
12-03-2013,MIA,ATL,98,81,1,NBA_2012/2013,usa/nba-2012-2013/miami-heat-atlanta-hawks-QRybpqVK/,-641,445,-556,465
09-03-2013,ATL,BKN,80,93,0,NBA_2012/2013,usa/nba-2012-2013/atlanta-hawks-brooklyn-nets-00Iwaouj/,-161,136,-152,140
08-03-2013,BOS,ATL,107,102,1,NBA_2012/2013,usa/nba-2012-2013/boston-celtics-atlanta-hawks-KSRrABmi/,-183,155,-175,162
06-03-2013,ATL,PHI,107,96,1,NBA_2012/2013,usa/nba-2012-2013/atlanta-hawks-philadelphia-76ers-65spgJCa/,-439,336,-400,369
04-03-2013,DEN,ATL,104,88,1,NBA_2012/2013,usa/nba-2012-2013/denver-nuggets-atlanta-hawks-ET9asMDm/,-532,393,-500,434
03-03-2013,LAL,ATL,99,98,1,NBA_2012/2013,usa/nba-2012-2013/los-angeles-lakers-atlanta-hawks-4jvwhw17/,-243,198,-233,210
01-03-2013,PHX,ATL,92,87,1,NBA_2012/2013,usa/nba-2012-2013/phoenix-suns-atlanta-hawks-YgE4TYX7/,150,-178,154,-164
27-02-2013,UTAH,ATL,91,102,0,NBA_2012/2013,usa/nba-2012-2013/utah-jazz-atlanta-hawks-AaPtyQZG/,-174,147,-154,154
25-02-2013,DET,ATL,103,114,0,NBA_2012/2013,usa/nba-2012-2013/detroit-pistons-atlanta-hawks-jVtMATLB/,139,-163,145,-154
23-02-2013,MIL,ATL,102,103,0,NBA_2012/2013,usa/nba-2012-2013/milwaukee-bucks-atlanta-hawks-b1mv0C7g/,-185,158,-179,171
22-02-2013,ATL,SAC,122,108,1,NBA_2012/2013,usa/nba-2012-2013/atlanta-hawks-sacramento-kings-KlHJ6NO8/,-373,293,-345,300
20-02-2013,ATL,MIA,90,103,0,NBA_2012/2013,usa/nba-2012-2013/atlanta-hawks-miami-heat-nNwwfpu3/,190,-234,204,-222
13-02-2013,ORL,ATL,76,108,0,NBA_2012/2013,usa/nba-2012-2013/orlando-magic-atlanta-hawks-rTumq89m/,117,-139,123,-130
11-02-2013,DAL,ATL,101,105,0,NBA_2012/2013,usa/nba-2012-2013/dallas-mavericks-atlanta-hawks-jZG9Vlul/,-222,182,-213,193
08-02-2013,ATL,NO,100,111,0,NBA_2012/2013,usa/nba-2012-2013/atlanta-hawks-new-orleans-pelicans-juxJiZdq/,-201,165,-192,179
06-02-2013,ATL,MEM,103,92,1,NBA_2012/2013,usa/nba-2012-2013/atlanta-hawks-memphis-grizzlies-GpU6bpEb/,105,-127,112,-120
05-02-2013,IND,ATL,114,103,1,NBA_2012/2013,usa/nba-2012-2013/indiana-pacers-atlanta-hawks-Y1CGmTat/,-256,209,-238,220
02-02-2013,ATL,CHI,76,93,0,NBA_2012/2013,usa/nba-2012-2013/atlanta-hawks-chicago-bulls-UmjXwJWE/,-312,250,-286,269
30-01-2013,ATL,TOR,93,92,1,NBA_2012/2013,usa/nba-2012-2013/atlanta-hawks-toronto-raptors-8nw4qPtU/,-281,229,-270,252
27-01-2013,NY,ATL,106,104,1,NBA_2012/2013,usa/nba-2012-2013/new-york-knicks-atlanta-hawks-l4TugxEQ/,-225,184,-222,202
25-01-2013,ATL,BOS,123,111,1,NBA_2012/2013,usa/nba-2012-2013/atlanta-hawks-boston-celtics-hrXX6bw2/,-214,177,-200,190
23-01-2013,CHA,ATL,92,104,0,NBA_2012/2013,usa/nba-2012-2013/charlotte-hornets-atlanta-hawks-Q9l6FVP4/,121,-145,125,-133
21-01-2013,ATL,MIN,104,96,1,NBA_2012/2013,usa/nba-2012-2013/atlanta-hawks-minnesota-timberwolves-GAuK3YQh/,-394,307,-370,322
19-01-2013,ATL,SA,93,98,0,NBA_2012/2013,usa/nba-2012-2013/atlanta-hawks-san-antonio-spurs-nLfAcc4J/,150,-177,158,-164
18-01-2013,BKN,ATL,94,89,1,NBA_2012/2013,usa/nba-2012-2013/brooklyn-nets-atlanta-hawks-E7xDhm1f/,-291,235,-278,245
16-01-2013,ATL,BKN,109,95,1,NBA_2012/2013,usa/nba-2012-2013/atlanta-hawks-brooklyn-nets-YPdtNRzT/,-148,125,-141,129
14-01-2013,CHI,ATL,97,58,1,NBA_2012/2013,usa/nba-2012-2013/chicago-bulls-atlanta-hawks-rHyrEWib/,-190,161,-179,165
12-01-2013,WSH,ATL,93,83,1,NBA_2012/2013,usa/nba-2012-2013/washington-wizards-atlanta-hawks-SS3xcvH6/,125,-149,129,-143
11-01-2013,ATL,UTAH,103,95,1,NBA_2012/2013,usa/nba-2012-2013/atlanta-hawks-utah-jazz-tjQkm3mr/,-195,163,-189,171
09-01-2013,CLE,ATL,99,83,1,NBA_2012/2013,usa/nba-2012-2013/cleveland-cavaliers-atlanta-hawks-ELHTs8B2/,154,-180,160,-179
08-01-2013,MIN,ATL,108,103,1,NBA_2012/2013,usa/nba-2012-2013/minnesota-timberwolves-atlanta-hawks-QayZLQlq/,-118,-104,-114,102
05-01-2013,ATL,BOS,81,89,0,NBA_2012/2013,usa/nba-2012-2013/atlanta-hawks-boston-celtics-hE1yHv7n/,-217,179,-208,188
04-01-2013,DET,ATL,85,84,1,NBA_2012/2013,usa/nba-2012-2013/detroit-pistons-atlanta-hawks-6P1awHej/,-101,-120,100,-110
01-01-2013,NO,ATL,86,95,0,NBA_2012/2013,usa/nba-2012-2013/new-orleans-pelicans-atlanta-hawks-xzeKH0ZT/,107,-129,110,-123
31-12-2012,HOU,ATL,123,104,1,NBA_2012/2013,usa/nba-2012-2013/houston-rockets-atlanta-hawks-0UaeN45h/,-189,160,-179,170
29-12-2012,ATL,IND,109,100,1,NBA_2012/2013,usa/nba-2012-2013/atlanta-hawks-indiana-pacers-h0ro7hFf/,-146,123,-135,129
28-12-2012,CLE,ATL,94,102,0,NBA_2012/2013,usa/nba-2012-2013/cleveland-cavaliers-atlanta-hawks-zo1u0y8R/,189,-230,200,-204
26-12-2012,ATL,DET,126,119,1,NBA_2012/2013,usa/nba-2012-2013/atlanta-hawks-detroit-pistons-Wnapj0v3/,-370,295,-345,301
22-12-2012,ATL,CHI,92,75,1,NBA_2012/2013,usa/nba-2012-2013/atlanta-hawks-chicago-bulls-ImwGz0NI/,-175,152,-175,158
21-12-2012,PHI,ATL,99,80,1,NBA_2012/2013,usa/nba-2012-2013/philadelphia-76ers-atlanta-hawks-rVOXNMwD/,116,-136,120,-128
19-12-2012,ATL,OKC,92,100,0,NBA_2012/2013,usa/nba-2012-2013/atlanta-hawks-oklahoma-city-thunder-EydnCPv1/,208,-254,210,-233
18-12-2012,WSH,ATL,95,100,0,NBA_2012/2013,usa/nba-2012-2013/washington-wizards-atlanta-hawks-UPgzJzdG/,245,-303,260,-286
15-12-2012,ATL,GSW,93,115,0,NBA_2012/2013,usa/nba-2012-2013/atlanta-hawks-golden-state-warriors-Cn27f0Db/,-291,233,-278,250
13-12-2012,ATL,CHA,113,90,1,NBA_2012/2013,usa/nba-2012-2013/atlanta-hawks-charlotte-hornets-thwFPuEO/,-685,464,-588,513
12-12-2012,ORL,ATL,80,86,0,NBA_2012/2013,usa/nba-2012-2013/orlando-magic-atlanta-hawks-OhpNRAwe/,167,-201,175,-196
10-12-2012,MIA,ATL,101,92,1,NBA_2012/2013,usa/nba-2012-2013/miami-heat-atlanta-hawks-lCwnUrrd/,-305,244,-270,250
08-12-2012,MEM,ATL,83,93,0,NBA_2012/2013,usa/nba-2012-2013/memphis-grizzlies-atlanta-hawks-zZr8Ioqp/,-316,253,-303,273
07-12-2012,ATL,WSH,104,95,1,NBA_2012/2013,usa/nba-2012-2013/atlanta-hawks-washington-wizards-djf61vj2/,-515,391,-476,400
05-12-2012,ATL,DEN,108,104,1,NBA_2012/2013,usa/nba-2012-2013/atlanta-hawks-denver-nuggets-WrXKksij/,-132,110,-130,118
30-11-2012,ATL,CLE,111,113,0,NBA_2012/2013,usa/nba-2012-2013/atlanta-hawks-cleveland-cavaliers-Myx3KENB/,-463,351,-400,370
28-11-2012,ATL,CHA,94,91,1,NBA_2012/2013,usa/nba-2012-2013/atlanta-hawks-charlotte-hornets-dUU7Awfm/,-500,374,-455,423
24-11-2012,ATL,LAC,104,93,1,NBA_2012/2013,usa/nba-2012-2013/atlanta-hawks-los-angeles-clippers-YaDlljsG/,112,-133,114,-127
23-11-2012,CHA,ATL,91,101,0,NBA_2012/2013,usa/nba-2012-2013/charlotte-hornets-atlanta-hawks-O042xgr4/,139,-165,142,-156
21-11-2012,ATL,WSH,101,100,1,NBA_2012/2013,usa/nba-2012-2013/atlanta-hawks-washington-wizards-UwgRvRn5/,-588,432,-526,454
19-11-2012,ATL,ORL,81,72,1,NBA_2012/2013,usa/nba-2012-2013/atlanta-hawks-orlando-magic-4b8DZVAP/,-694,468,-588,505
16-11-2012,SAC,ATL,96,112,0,NBA_2012/2013,usa/nba-2012-2013/sacramento-kings-atlanta-hawks-8fumN1L2/,107,-130,112,-125
14-11-2012,GSW,ATL,92,88,1,NBA_2012/2013,usa/nba-2012-2013/golden-state-warriors-atlanta-hawks-YTWeG5Bi/,-120,-102,-114,104
12-11-2012,POR,ATL,87,95,0,NBA_2012/2013,usa/nba-2012-2013/portland-trail-blazers-atlanta-hawks-SzUyZcAs/,-149,126,-139,135
11-11-2012,LAC,ATL,89,76,1,NBA_2012/2013,usa/nba-2012-2013/los-angeles-clippers-atlanta-hawks-zwTRQ0IK/,-255,209,-250,227
09-11-2012,ATL,MIA,89,95,0,NBA_2012/2013,usa/nba-2012-2013/atlanta-hawks-miami-heat-YF962QZ2/,169,-201,179,-182
07-11-2012,ATL,IND,89,86,1,NBA_2012/2013,usa/nba-2012-2013/atlanta-hawks-indiana-pacers-Iu521PXB/,-181,152,-169,158
04-11-2012,OKC,ATL,95,104,0,NBA_2012/2013,usa/nba-2012-2013/oklahoma-city-thunder-atlanta-hawks-C4VqcAtQ/,-588,430,-500,450
02-11-2012,ATL,HOU,102,109,0,NBA_2012/2013,usa/nba-2012-2013/atlanta-hawks-houston-rockets-MwFXMxad/,-226,184,-208,188
26-10-2012,DET,ATL,104,88,1,NBA_2012/2013,usa/nba-2012-2013/detroit-pistons-atlanta-hawks-l8oBWC0F/,-119,-108,-109,100
20-10-2012,ATL,DAL,110,94,1,NBA_2012/2013,usa/nba-2012-2013/atlanta-hawks-dallas-mavericks-KnIWCR3P/,-195,161,-179,175
18-10-2012,ATL,NO,97,68,1,NBA_2012/2013,usa/nba-2012-2013/atlanta-hawks-new-orleans-pelicans-nTYEy5sJ/,-190,158,-179,165
16-10-2012,IND,ATL,102,98,1,NBA_2012/2013,usa/nba-2012-2013/indiana-pacers-atlanta-hawks-SbSFS9bl/,-161,132,-154,142
14-10-2012,MEM,ATL,110,102,1,NBA_2012/2013,usa/nba-2012-2013/memphis-grizzlies-atlanta-hawks-l87tEAqe/,-180,156,-179,161
10-10-2012,SA,ATL,101,99,1,NBA_2012/2013,usa/nba-2012-2013/san-antonio-spurs-atlanta-hawks-MaYvA4nh/,-199,166,-189,170
07-10-2012,ATL,MIA,92,79,1,NBA_2012/2013,usa/nba-2012-2013/atlanta-hawks-miami-heat-n580DIym/,156,-185,160,-179
10-05-2012,BOS,ATL,83,80,1,NBA_2011/2012,usa/nba-2011-2012/boston-celtics-atlanta-hawks-vwh84sgR/,-340,269,-323,305
08-05-2012,ATL,BOS,87,86,1,NBA_2011/2012,usa/nba-2011-2012/atlanta-hawks-boston-celtics-rJdhGRvh/,-130,107,-125,114
06-05-2012,BOS,ATL,101,79,1,NBA_2011/2012,usa/nba-2011-2012/boston-celtics-atlanta-hawks-As43miPJ/,-268,213,-250,225
04-05-2012,BOS,ATL,90,84,1,NBA_2011/2012,usa/nba-2011-2012/boston-celtics-atlanta-hawks-QgUaTVXm/,-463,350,-455,384
01-05-2012,ATL,BOS,80,87,0,NBA_2011/2012,usa/nba-2011-2012/atlanta-hawks-boston-celtics-MmptQdRe/,-203,167,-196,177
29-04-2012,ATL,BOS,83,74,1,NBA_2011/2012,usa/nba-2011-2012/atlanta-hawks-boston-celtics-ziChZ049/,-118,-103,-110,100
26-04-2012,ATL,DAL,106,89,1,NBA_2011/2012,usa/nba-2011-2012/atlanta-hawks-dallas-mavericks-CQqQYUq1/,-213,174,-200,188
24-04-2012,ATL,LAC,109,102,1,NBA_2011/2012,usa/nba-2011-2012/atlanta-hawks-los-angeles-clippers-f5kwetUa/,-119,-102,-105,104
22-04-2012,ATL,NY,112,113,0,NBA_2011/2012,usa/nba-2011-2012/atlanta-hawks-new-york-knicks-23dzWyO2/,-145,121,-139,125
20-04-2012,ATL,BOS,97,92,1,NBA_2011/2012,usa/nba-2011-2012/atlanta-hawks-boston-celtics-ldfG2ioF/,-714,482,-667,505
18-04-2012,ATL,DET,116,84,1,NBA_2011/2012,usa/nba-2011-2012/atlanta-hawks-detroit-pistons-jXhHkE19/,-500,371,-455,400
16-04-2012,TOR,ATL,87,109,0,NBA_2011/2012,usa/nba-2011-2012/toronto-raptors-atlanta-hawks-SCYU3Z04/,199,-244,218,-227
15-04-2012,ATL,TOR,86,102,0,NBA_2011/2012,usa/nba-2011-2012/atlanta-hawks-toronto-raptors-h0mlGdOF/,-581,418,-500,450
13-04-2012,ORL,ATL,81,109,0,NBA_2011/2012,usa/nba-2011-2012/orlando-magic-atlanta-hawks-8CoxJbvc/,103,-126,110,-123
11-04-2012,BOS,ATL,88,86,1,NBA_2011/2012,usa/nba-2011-2012/boston-celtics-atlanta-hawks-hWyf2wfG/,-143,121,-135,125
07-04-2012,CHA,ATL,96,116,0,NBA_2011/2012,usa/nba-2011-2012/charlotte-hornets-atlanta-hawks-r5YKjOMq/,324,-427,365,-370
06-04-2012,ATL,DET,101,96,1,NBA_2011/2012,usa/nba-2011-2012/atlanta-hawks-detroit-pistons-drNKFDAj/,-490,365,-455,400
04-04-2012,ATL,CHA,120,93,1,NBA_2011/2012,usa/nba-2011-2012/atlanta-hawks-charlotte-hornets-vwXaK2dI/,-1613,900,-1429,1000
31-03-2012,PHI,ATL,95,90,1,NBA_2011/2012,usa/nba-2011-2012/philadelphia-76ers-atlanta-hawks-hzG9xBg4/,-282,230,-250,264
30-03-2012,ATL,NY,100,90,1,NBA_2011/2012,usa/nba-2011-2012/atlanta-hawks-new-york-knicks-xG13Rgun/,-150,128,-145,138
28-03-2012,ATL,CHI,77,98,0,NBA_2011/2012,usa/nba-2011-2012/atlanta-hawks-chicago-bulls-lhrJbydg/,153,-182,162,-167
27-03-2012,MIL,ATL,108,101,1,NBA_2011/2012,usa/nba-2011-2012/milwaukee-bucks-atlanta-hawks-WpsK7qSI/,-129,108,-123,114
25-03-2012,ATL,UTAH,139,133,1,NBA_2011/2012,usa/nba-2011-2012/atlanta-hawks-utah-jazz-2LXoDmbs/,-116,-105,-105,100
24-03-2012,WSH,ATL,92,95,0,NBA_2011/2012,usa/nba-2011-2012/washington-wizards-atlanta-hawks-zXMYhuIM/,125,-148,129,-141
23-03-2012,ATL,BKN,93,84,1,NBA_2011/2012,usa/nba-2011-2012/atlanta-hawks-brooklyn-nets-fBrClZs7/,-329,260,-294,285
21-03-2012,ATL,CLE,103,102,1,NBA_2011/2012,usa/nba-2011-2012/atlanta-hawks-cleveland-cavaliers-rqmSJ1fR/,-336,267,-303,276
19-03-2012,ATL,BOS,76,79,0,NBA_2011/2012,usa/nba-2011-2012/atlanta-hawks-boston-celtics-SULWcKX7/,-129,106,-120,110
18-03-2012,CLE,ATL,87,103,0,NBA_2011/2012,usa/nba-2011-2012/cleveland-cavaliers-atlanta-hawks-jDG8SnVo/,112,-135,124,-132
16-03-2012,ATL,WSH,102,88,1,NBA_2011/2012,usa/nba-2011-2012/atlanta-hawks-washington-wizards-x26X74eF/,-893,588,-833,621
14-03-2012,LAC,ATL,96,82,1,NBA_2011/2012,usa/nba-2011-2012/los-angeles-clippers-atlanta-hawks-xbbMmq4q/,-318,255,-303,267
13-03-2012,DEN,ATL,118,117,1,NBA_2011/2012,usa/nba-2011-2012/denver-nuggets-atlanta-hawks-2Lsaobtk/,-206,171,-196,175
11-03-2012,SAC,ATL,99,106,0,NBA_2011/2012,usa/nba-2011-2012/sacramento-kings-atlanta-hawks-tzqefEz5/,-125,102,-120,110
09-03-2012,DET,ATL,86,85,1,NBA_2011/2012,usa/nba-2011-2012/detroit-pistons-atlanta-hawks-6LnnZ7ZI/,102,-125,110,-119
07-03-2012,MIA,ATL,89,86,1,NBA_2011/2012,usa/nba-2011-2012/miami-heat-atlanta-hawks-veb4VmoH/,-1111,709,-909,950
06-03-2012,IND,ATL,96,101,0,NBA_2011/2012,usa/nba-2011-2012/indiana-pacers-atlanta-hawks-xOwyzCWo/,-333,266,-303,305
03-03-2012,ATL,OKC,97,90,1,NBA_2011/2012,usa/nba-2011-2012/atlanta-hawks-oklahoma-city-thunder-dbaDuFLB/,202,-249,218,-238
02-03-2012,ATL,MIL,99,94,1,NBA_2011/2012,usa/nba-2011-2012/atlanta-hawks-milwaukee-bucks-nT54syia/,-190,158,-169,179
29-02-2012,ATL,GSW,82,85,0,NBA_2011/2012,usa/nba-2011-2012/atlanta-hawks-golden-state-warriors-zoIITHMa/,-292,235,-278,256
23-02-2012,ATL,ORL,83,78,1,NBA_2011/2012,usa/nba-2011-2012/atlanta-hawks-orlando-magic-CQHKQhyr/,161,-193,170,-182
22-02-2012,NY,ATL,99,82,1,NBA_2011/2012,usa/nba-2011-2012/new-york-knicks-atlanta-hawks-27Qk9i67/,-309,247,-294,260
20-02-2012,CHI,ATL,90,79,1,NBA_2011/2012,usa/nba-2011-2012/chicago-bulls-atlanta-hawks-6kxVz9O8/,-781,506,-714,569
18-02-2012,POR,ATL,97,77,1,NBA_2011/2012,usa/nba-2011-2012/portland-trail-blazers-atlanta-hawks-b5dRcS6B/,-216,175,-200,191
15-02-2012,PHX,ATL,99,101,0,NBA_2011/2012,usa/nba-2011-2012/phoenix-suns-atlanta-hawks-tU78RXJp/,-101,-120,104,-114
14-02-2012,LAL,ATL,86,78,1,NBA_2011/2012,usa/nba-2011-2012/los-angeles-lakers-atlanta-hawks-WA2fz4c7/,-233,190,-213,200
12-02-2012,ATL,MIA,87,107,0,NBA_2011/2012,usa/nba-2011-2012/atlanta-hawks-miami-heat-vZGg28Xk/,156,-186,162,-179
10-02-2012,ORL,ATL,87,89,0,NBA_2011/2012,usa/nba-2011-2012/orlando-magic-atlanta-hawks-z7X1LMWu/,-220,179,-208,188
08-02-2012,ATL,IND,97,87,1,NBA_2011/2012,usa/nba-2011-2012/atlanta-hawks-indiana-pacers-2FMAl0HO/,-168,142,-159,154
06-02-2012,ATL,PHX,90,99,0,NBA_2011/2012,usa/nba-2011-2012/atlanta-hawks-phoenix-suns-2m0owgwc/,-391,302,-357,313
04-02-2012,ATL,PHI,87,98,0,NBA_2011/2012,usa/nba-2011-2012/atlanta-hawks-philadelphia-76ers-Wr6Ft6np/,-161,136,-154,140
02-02-2012,ATL,MEM,77,96,0,NBA_2011/2012,usa/nba-2011-2012/atlanta-hawks-memphis-grizzlies-8poFNbDh/,-185,157,-175,165
31-01-2012,TOR,ATL,77,100,0,NBA_2011/2012,usa/nba-2011-2012/toronto-raptors-atlanta-hawks-EiT7NMXh/,196,-239,210,-222
29-01-2012,NO,ATL,72,94,0,NBA_2011/2012,usa/nba-2011-2012/new-orleans-pelicans-atlanta-hawks-xEbM7uj7/,116,-138,127,-133
27-01-2012,DET,ATL,101,107,0,NBA_2011/2012,usa/nba-2011-2012/detroit-pistons-atlanta-hawks-Eakd8yZb/,214,-263,220,-238
25-01-2012,SA,ATL,105,83,1,NBA_2011/2012,usa/nba-2011-2012/san-antonio-spurs-atlanta-hawks-YXHImE8N/,-192,162,-182,171
23-01-2012,MIL,ATL,92,97,0,NBA_2011/2012,usa/nba-2011-2012/milwaukee-bucks-atlanta-hawks-4QXScQJm/,-101,-120,106,-112
21-01-2012,ATL,CLE,121,94,1,NBA_2011/2012,usa/nba-2011-2012/atlanta-hawks-cleveland-cavaliers-pWaxomzr/,-357,282,-345,305
20-01-2012,PHI,ATL,90,76,1,NBA_2011/2012,usa/nba-2011-2012/philadelphia-76ers-atlanta-hawks-4Uiabomp/,-279,227,-250,256
18-01-2012,ATL,POR,92,89,1,NBA_2011/2012,usa/nba-2011-2012/atlanta-hawks-portland-trail-blazers-lUeTEnjE/,-132,109,-127,114
16-01-2012,ATL,TOR,93,84,1,NBA_2011/2012,usa/nba-2011-2012/atlanta-hawks-toronto-raptors-WrfkClJo/,-758,520,-588,555
14-01-2012,ATL,MIN,93,91,1,NBA_2011/2012,usa/nba-2011-2012/atlanta-hawks-minnesota-timberwolves-6oEl4KzE/,-355,281,-323,290
12-01-2012,ATL,CHA,111,81,1,NBA_2011/2012,usa/nba-2011-2012/atlanta-hawks-charlotte-hornets-tG6qtnae/,-360,285,-303,328
11-01-2012,IND,ATL,96,84,1,NBA_2011/2012,usa/nba-2011-2012/indiana-pacers-atlanta-hawks-698dmU6L/,-137,115,-133,124
09-01-2012,BKN,ATL,101,106,0,NBA_2011/2012,usa/nba-2011-2012/brooklyn-nets-atlanta-hawks-U9z969u4/,194,-239,200,-213
07-01-2012,ATL,CHI,109,94,1,NBA_2011/2012,usa/nba-2011-2012/atlanta-hawks-chicago-bulls-xjhGljOf/,204,-253,218,-244
06-01-2012,CHA,ATL,96,102,0,NBA_2011/2012,usa/nba-2011-2012/charlotte-hornets-atlanta-hawks-pt1yfLfG/,103,-125,104,-116
05-01-2012,ATL,MIA,109,116,0,NBA_2011/2012,usa/nba-2011-2012/atlanta-hawks-miami-heat-IDq3DNie/,-196,165,-175,179
03-01-2012,CHI,ATL,76,74,1,NBA_2011/2012,usa/nba-2011-2012/chicago-bulls-atlanta-hawks-KbRYaOx2/,-562,417,-556,461
02-01-2012,MIA,ATL,92,100,0,NBA_2011/2012,usa/nba-2011-2012/miami-heat-atlanta-hawks-GIKw9SFF/,-725,481,-714,534
31-12-2011,HOU,ATL,95,84,1,NBA_2011/2012,usa/nba-2011-2012/houston-rockets-atlanta-hawks-Wp9dxktU/,-120,-101,-110,100
30-12-2011,ATL,BKN,105,98,1,NBA_2011/2012,usa/nba-2011-2012/atlanta-hawks-brooklyn-nets-SnTWsgCh/,-1020,665,-909,725
28-12-2011,ATL,WSH,101,83,1,NBA_2011/2012,usa/nba-2011-2012/atlanta-hawks-washington-wizards-I5g0gdAB/,-467,352,-400,365
27-12-2011,BKN,ATL,70,106,0,NBA_2011/2012,usa/nba-2011-2012/brooklyn-nets-atlanta-hawks-nDuvFD43/,153,-181,162,-172
22-12-2011,ATL,CHA,92,75,1,NBA_2011/2012,usa/nba-2011-2012/atlanta-hawks-charlotte-hornets-d8flqLtm/,-336,258,-303,273
19-12-2011,CHA,ATL,79,77,1,NBA_2011/2012,usa/nba-2011-2012/charlotte-hornets-atlanta-hawks-IJUoizTO/,142,-174,150,-156
12-05-2011,ATL,CHI,73,93,0,NBA_2010/2011,usa/nba-2010-2011/atlanta-hawks-chicago-bulls-OYQYz4VI/,136,-161,143,-156
10-05-2011,CHI,ATL,95,83,1,NBA_2010/2011,usa/nba-2010-2011/chicago-bulls-atlanta-hawks-bwU7V84p/,-490,366,-455,388
08-05-2011,ATL,CHI,100,88,1,NBA_2010/2011,usa/nba-2010-2011/atlanta-hawks-chicago-bulls-tnuD3AfO/,144,-169,149,-164
06-05-2011,ATL,CHI,82,99,0,NBA_2010/2011,usa/nba-2010-2011/atlanta-hawks-chicago-bulls-SvHu9EQn/,114,-136,122,-133
04-05-2011,CHI,ATL,86,73,1,NBA_2010/2011,usa/nba-2010-2011/chicago-bulls-atlanta-hawks-ddQ9Ez3P/,-521,388,-500,447
02-05-2011,CHI,ATL,95,103,0,NBA_2010/2011,usa/nba-2010-2011/chicago-bulls-atlanta-hawks-QRQ6hgt6/,-610,430,-556,465
28-04-2011,ATL,ORL,84,81,1,NBA_2010/2011,usa/nba-2010-2011/atlanta-hawks-orlando-magic-4KMuVn0M/,104,-126,114,-115
26-04-2011,ORL,ATL,101,76,1,NBA_2010/2011,usa/nba-2010-2011/orlando-magic-atlanta-hawks-lh4eP9qA/,-352,277,-333,313
24-04-2011,ATL,ORL,88,85,1,NBA_2010/2011,usa/nba-2010-2011/atlanta-hawks-orlando-magic-A1gvhTn7/,-101,-120,104,-114
22-04-2011,ATL,ORL,88,84,1,NBA_2010/2011,usa/nba-2010-2011/atlanta-hawks-orlando-magic-6aiqvAI7/,-101,-120,104,-109
19-04-2011,ORL,ATL,88,82,1,NBA_2010/2011,usa/nba-2010-2011/orlando-magic-atlanta-hawks-Mkvn2M4c/,-617,440,-556,457
16-04-2011,ORL,ATL,93,103,0,NBA_2010/2011,usa/nba-2010-2011/orlando-magic-atlanta-hawks-ppiXtihi/,-481,361,-455,397
13-04-2011,CHA,ATL,96,85,1,NBA_2010/2011,usa/nba-2010-2011/charlotte-hornets-atlanta-hawks-fXu0QiGe/,-126,102,-120,104
11-04-2011,ATL,MIA,90,98,0,NBA_2010/2011,usa/nba-2010-2011/atlanta-hawks-miami-heat-KtIMZO2b/,228,-282,240,-250
08-04-2011,IND,ATL,114,102,1,NBA_2010/2011,usa/nba-2010-2011/indiana-pacers-atlanta-hawks-8Mn19vO6/,-250,202,-233,210
05-04-2011,ATL,SA,90,97,0,NBA_2010/2011,usa/nba-2010-2011/atlanta-hawks-san-antonio-spurs-z9bO7fdi/,184,-225,193,-217
03-04-2011,HOU,ATL,114,109,1,NBA_2010/2011,usa/nba-2010-2011/houston-rockets-atlanta-hawks-b351lXeT/,-259,213,-238,239
01-04-2011,ATL,BOS,88,83,1,NBA_2010/2011,usa/nba-2010-2011/atlanta-hawks-boston-celtics-rFu1PdDB/,-101,-120,102,-114
30-03-2011,ATL,ORL,85,82,1,NBA_2010/2011,usa/nba-2010-2011/atlanta-hawks-orlando-magic-CEcJE88r/,131,-155,140,-152
27-03-2011,CLE,ATL,83,99,0,NBA_2010/2011,usa/nba-2010-2011/cleveland-cavaliers-atlanta-hawks-00yt11Dd/,168,-203,179,-200
26-03-2011,ATL,BKN,98,87,1,NBA_2010/2011,usa/nba-2010-2011/atlanta-hawks-brooklyn-nets-6iJmBoy4/,-615,434,-526,450
23-03-2011,PHI,ATL,105,100,1,NBA_2010/2011,usa/nba-2010-2011/philadelphia-76ers-atlanta-hawks-ITeYsGG6/,-312,252,-294,260
22-03-2011,ATL,CHI,81,114,0,NBA_2010/2011,usa/nba-2010-2011/atlanta-hawks-chicago-bulls-Awksjv9Q/,156,-181,165,-179
20-03-2011,ATL,DET,104,96,1,NBA_2010/2011,usa/nba-2010-2011/atlanta-hawks-detroit-pistons-j92mHJ21/,-320,256,-294,265
18-03-2011,ATL,MIA,85,106,0,NBA_2010/2011,usa/nba-2010-2011/atlanta-hawks-miami-heat-Oxe5RWZc/,219,-268,229,-250
16-03-2011,ATL,DEN,87,102,0,NBA_2010/2011,usa/nba-2010-2011/atlanta-hawks-denver-nuggets-dfePafya/,-127,105,-125,117
15-03-2011,ATL,MIL,110,85,1,NBA_2010/2011,usa/nba-2010-2011/atlanta-hawks-milwaukee-bucks-p2dfPpbb/,-233,189,-217,193
12-03-2011,ATL,POR,91,82,1,NBA_2010/2011,usa/nba-2010-2011/atlanta-hawks-portland-trail-blazers-6Ri7mdzd/,-108,-113,100,-108
11-03-2011,CHI,ATL,94,76,1,NBA_2010/2011,usa/nba-2010-2011/chicago-bulls-atlanta-hawks-vBOJd0D9/,-357,280,-345,301
08-03-2011,ATL,LAL,87,101,0,NBA_2010/2011,usa/nba-2010-2011/atlanta-hawks-los-angeles-lakers-C0UfRl8I/,178,-215,185,-196
06-03-2011,ATL,NY,79,92,0,NBA_2010/2011,usa/nba-2010-2011/atlanta-hawks-new-york-knicks-KY7hJgPm/,-169,144,-164,149
04-03-2011,ATL,OKC,104,111,0,NBA_2010/2011,usa/nba-2010-2011/atlanta-hawks-oklahoma-city-thunder-0GBKkee1/,-142,120,-133,120
02-03-2011,ATL,CHI,83,80,1,NBA_2010/2011,usa/nba-2010-2011/atlanta-hawks-chicago-bulls-dzuFn1XB/,151,-178,165,-161
28-02-2011,DEN,ATL,100,90,1,NBA_2010/2011,usa/nba-2010-2011/denver-nuggets-atlanta-hawks-K6PCz4Ya/,-258,213,-238,220
27-02-2011,POR,ATL,83,90,0,NBA_2010/2011,usa/nba-2010-2011/portland-trail-blazers-atlanta-hawks-UXbhw6ls/,-216,178,-200,185
25-02-2011,GSW,ATL,79,95,0,NBA_2010/2011,usa/nba-2010-2011/golden-state-warriors-atlanta-hawks-GEpnSFzM/,-152,129,-147,135
23-02-2011,PHX,ATL,105,97,1,NBA_2010/2011,usa/nba-2010-2011/phoenix-suns-atlanta-hawks-QiIlJv7c/,-179,153,-167,160
22-02-2011,LAL,ATL,104,80,1,NBA_2010/2011,usa/nba-2010-2011/los-angeles-lakers-atlanta-hawks-KAyf7s8o/,-357,283,-345,305
16-02-2011,NY,ATL,102,90,1,NBA_2010/2011,usa/nba-2010-2011/new-york-knicks-atlanta-hawks-Sdt8iB2s/,-139,117,-133,120
14-02-2011,DET,ATL,79,94,0,NBA_2010/2011,usa/nba-2010-2011/detroit-pistons-atlanta-hawks-23EfvOM1/,160,-188,165,-179
12-02-2011,ATL,CHA,86,88,0,NBA_2010/2011,usa/nba-2010-2011/atlanta-hawks-charlotte-hornets-KhAkddJn/,-360,284,-323,290
08-02-2011,ATL,PHI,83,117,0,NBA_2010/2011,usa/nba-2010-2011/atlanta-hawks-philadelphia-76ers-YifhO2DK/,-171,144,-161,150
05-02-2011,WSH,ATL,92,99,0,NBA_2010/2011,usa/nba-2010-2011/washington-wizards-atlanta-hawks-v5PeRPdb/,119,-142,129,-125
04-02-2011,ATL,LAC,101,100,1,NBA_2010/2011,usa/nba-2010-2011/atlanta-hawks-los-angeles-clippers-WGc6CQs5/,-362,286,-345,309
02-02-2011,ATL,TOR,100,87,1,NBA_2010/2011,usa/nba-2010-2011/atlanta-hawks-toronto-raptors-nFItmUTa/,-704,473,-588,484
29-01-2011,DAL,ATL,102,91,1,NBA_2010/2011,usa/nba-2010-2011/dallas-mavericks-atlanta-hawks-84k7t219/,-220,179,-200,185
28-01-2011,ATL,NY,111,102,1,NBA_2010/2011,usa/nba-2010-2011/atlanta-hawks-new-york-knicks-6D2EWpmi/,-303,244,-278,252
26-01-2011,MIL,ATL,98,90,1,NBA_2010/2011,usa/nba-2010-2011/milwaukee-bucks-atlanta-hawks-E3ReCjdI/,108,-129,114,-118
22-01-2011,CHA,ATL,87,103,0,NBA_2010/2011,usa/nba-2010-2011/charlotte-hornets-atlanta-hawks-6T8a1Kyq/,-151,128,-143,136
21-01-2011,ATL,NO,59,100,0,NBA_2010/2011,usa/nba-2010-2011/atlanta-hawks-new-orleans-pelicans-busAnLMk/,-177,150,-164,154
18-01-2011,MIA,ATL,89,93,0,NBA_2010/2011,usa/nba-2010-2011/miami-heat-atlanta-hawks-bJqewivI/,-245,200,-238,214
17-01-2011,ATL,SAC,100,98,1,NBA_2010/2011,usa/nba-2010-2011/atlanta-hawks-sacramento-kings-nHFSsFPn/,-556,409,-526,454
15-01-2011,ATL,HOU,106,112,0,NBA_2010/2011,usa/nba-2010-2011/atlanta-hawks-houston-rockets-W45BRbyf/,-455,344,-417,358
12-01-2011,TOR,ATL,101,104,0,NBA_2010/2011,usa/nba-2010-2011/toronto-raptors-atlanta-hawks-bDWwNCgc/,146,-171,150,-164
08-01-2011,ATL,IND,108,93,1,NBA_2010/2011,usa/nba-2010-2011/atlanta-hawks-indiana-pacers-0Cm5c8aa/,-323,256,-303,264
05-01-2011,UTAH,ATL,87,110,0,NBA_2010/2011,usa/nba-2010-2011/utah-jazz-atlanta-hawks-pYAird91/,-237,194,-222,215
02-01-2011,LAC,ATL,98,107,0,NBA_2010/2011,usa/nba-2010-2011/los-angeles-clippers-atlanta-hawks-MVmeSP3c/,104,-125,114,-112
31-12-2010,OKC,ATL,103,94,1,NBA_2010/2011,usa/nba-2010-2011/oklahoma-city-thunder-atlanta-hawks-pxop8VCO/,-217,179,-208,193
29-12-2010,ATL,GSW,103,93,1,NBA_2010/2011,usa/nba-2010-2011/atlanta-hawks-golden-state-warriors-MNch8bMD/,-336,272,-323,285
27-12-2010,MIL,ATL,80,95,0,NBA_2010/2011,usa/nba-2010-2011/milwaukee-bucks-atlanta-hawks-0QO0kVlk/,-138,116,-130,120
26-12-2010,NO,ATL,93,86,1,NBA_2010/2011,usa/nba-2010-2011/new-orleans-pelicans-atlanta-hawks-MTt4BL5i/,-179,151,-164,156
22-12-2010,ATL,CLE,98,84,1,NBA_2010/2011,usa/nba-2010-2011/atlanta-hawks-cleveland-cavaliers-jTd6RL6U/,-656,453,-526,475
20-12-2010,ATL,ORL,91,81,1,NBA_2010/2011,usa/nba-2010-2011/atlanta-hawks-orlando-magic-pY4nJ68g/,121,-145,125,-137
19-12-2010,BKN,ATL,89,82,1,NBA_2010/2011,usa/nba-2010-2011/brooklyn-nets-atlanta-hawks-vDsFEiH7/,141,-167,147,-156
17-12-2010,ATL,CHA,90,85,1,NBA_2010/2011,usa/nba-2010-2011/atlanta-hawks-charlotte-hornets-tfi4RtfR/,-303,249,-294,264
16-12-2010,BOS,ATL,102,90,1,NBA_2010/2011,usa/nba-2010-2011/boston-celtics-atlanta-hawks-tjqg7L2e/,-336,264,-312,274
14-12-2010,DET,ATL,103,80,1,NBA_2010/2011,usa/nba-2010-2011/detroit-pistons-atlanta-hawks-GnxBHYZi/,154,-182,160,-175
11-12-2010,ATL,IND,97,83,1,NBA_2010/2011,usa/nba-2010-2011/atlanta-hawks-indiana-pacers-jTdfdbbP/,-168,143,-156,145
10-12-2010,SA,ATL,108,92,1,NBA_2010/2011,usa/nba-2010-2011/san-antonio-spurs-atlanta-hawks-rsbnycMa/,-450,338,-417,355
07-12-2010,ATL,BKN,116,101,1,NBA_2010/2011,usa/nba-2010-2011/atlanta-hawks-brooklyn-nets-h8cJATHq/,-278,228,-263,241
06-12-2010,ORL,ATL,74,80,0,NBA_2010/2011,usa/nba-2010-2011/orlando-magic-atlanta-hawks-4pxPJXfc/,-281,229,-263,240
04-12-2010,MIA,ATL,89,77,1,NBA_2010/2011,usa/nba-2010-2011/miami-heat-atlanta-hawks-A5cc5pFH/,-455,346,-417,362
03-12-2010,ATL,PHI,93,88,1,NBA_2010/2011,usa/nba-2010-2011/atlanta-hawks-philadelphia-76ers-GzrB6g90/,-254,207,-233,220
01-12-2010,ATL,MEM,112,109,1,NBA_2010/2011,usa/nba-2010-2011/atlanta-hawks-memphis-grizzlies-vsiYwyQ7/,-233,189,-222,199
28-11-2010,TOR,ATL,78,96,0,NBA_2010/2011,usa/nba-2010-2011/toronto-raptors-atlanta-hawks-tjXSx4Zd/,-105,-116,100,-108
27-11-2010,NY,ATL,90,99,0,NBA_2010/2011,usa/nba-2010-2011/new-york-knicks-atlanta-hawks-fVhdxibh/,-122,100,-115,108
25-11-2010,ATL,WSH,116,96,1,NBA_2010/2011,usa/nba-2010-2011/atlanta-hawks-washington-wizards-dSpX6WbI/,-331,263,-312,275
23-11-2010,BKN,ATL,107,101,1,NBA_2010/2011,usa/nba-2010-2011/brooklyn-nets-atlanta-hawks-nJGp3chQ/,134,-159,137,-152
22-11-2010,ATL,BOS,76,99,0,NBA_2010/2011,usa/nba-2010-2011/atlanta-hawks-boston-celtics-r1b5JHzG/,-142,119,-137,124
20-11-2010,ATL,DAL,93,98,0,NBA_2010/2011,usa/nba-2010-2011/atlanta-hawks-dallas-mavericks-6ob27Ky4/,-150,126,-143,140
16-11-2010,IND,ATL,92,102,0,NBA_2010/2011,usa/nba-2010-2011/indiana-pacers-atlanta-hawks-UessmZvE/,108,-129,110,-118
14-11-2010,ATL,MIN,111,105,1,NBA_2010/2011,usa/nba-2010-2011/atlanta-hawks-minnesota-timberwolves-dtrbEYme/,-714,479,-588,515
12-11-2010,ATL,UTAH,86,90,0,NBA_2010/2011,usa/nba-2010-2011/atlanta-hawks-utah-jazz-S67Gndkd/,-156,134,-149,141
10-11-2010,ATL,MIL,91,108,0,NBA_2010/2011,usa/nba-2010-2011/atlanta-hawks-milwaukee-bucks-YgVtg76B/,-275,223,-256,229
08-11-2010,ORL,ATL,93,89,1,NBA_2010/2011,usa/nba-2010-2011/orlando-magic-atlanta-hawks-lhQlasRg/,-476,357,-435,375
07-11-2010,ATL,PHX,114,118,0,NBA_2010/2011,usa/nba-2010-2011/atlanta-hawks-phoenix-suns-pMM7prC0/,-237,194,-222,210
05-11-2010,MIN,ATL,103,113,0,NBA_2010/2011,usa/nba-2010-2011/minnesota-timberwolves-atlanta-hawks-ITJDt958/,251,-314,260,-278
03-11-2010,ATL,DET,94,85,1,NBA_2010/2011,usa/nba-2010-2011/atlanta-hawks-detroit-pistons-d8MzVvGo/,-678,463,-588,480
02-11-2010,CLE,ATL,88,100,0,NBA_2010/2011,usa/nba-2010-2011/cleveland-cavaliers-atlanta-hawks-n5DlFaGb/,125,-148,129,-141
30-10-2010,ATL,WSH,99,95,1,NBA_2010/2011,usa/nba-2010-2011/atlanta-hawks-washington-wizards-U5dnZyf5/,-543,401,-476,450
29-10-2010,PHI,ATL,101,104,0,NBA_2010/2011,usa/nba-2010-2011/philadelphia-76ers-atlanta-hawks-zFolMbAa/,143,-169,145,-161
27-10-2010,MEM,ATL,104,119,0,NBA_2010/2011,usa/nba-2010-2011/memphis-grizzlies-atlanta-hawks-zHb8r10F/,-143,119,-135,125
22-10-2010,CHA,ATL,99,66,1,NBA_2010/2011,usa/nba-2010-2011/charlotte-hornets-atlanta-hawks-bDdMpL1I/,-270,217,-263,233
21-10-2010,ATL,MIA,98,89,1,NBA_2010/2011,usa/nba-2010-2011/atlanta-hawks-miami-heat-p4Pakqmm/,174,-219,184,-204
18-10-2010,ATL,ORL,73,102,0,NBA_2010/2011,usa/nba-2010-2011/atlanta-hawks-orlando-magic-0I0dtZJL/,227,-283,240,-250
16-10-2010,NO,ATL,74,84,0,NBA_2010/2011,usa/nba-2010-2011/new-orleans-pelicans-atlanta-hawks-GMGrwonp/,-119,-107,-111,100
12-10-2010,WSH,ATL,107,92,1,NBA_2010/2011,usa/nba-2010-2011/washington-wizards-atlanta-hawks-fTVvJJ40/,-273,218,-263,235
11-10-2010,DET,ATL,94,85,1,NBA_2010/2011,usa/nba-2010-2011/detroit-pistons-atlanta-hawks-bDSiQ1CQ/,-250,204,-233,210
07-10-2010,ATL,MEM,111,115,0,NBA_2010/2011,usa/nba-2010-2011/atlanta-hawks-memphis-grizzlies-OrU3wOy2/,-280,222,-263,256
10-05-2010,ATL,ORL,84,98,0,NBA_2009/2010,usa/nba-2009-2010/atlanta-hawks-orlando-magic-I3QY6S5h/,243,-308,250,-278
08-05-2010,ATL,ORL,75,105,0,NBA_2009/2010,usa/nba-2009-2010/atlanta-hawks-orlando-magic-fgss5FUm/,124,-148,129,-133
06-05-2010,ORL,ATL,112,98,1,NBA_2009/2010,usa/nba-2009-2010/orlando-magic-atlanta-hawks-CYwIAy7Q/,-741,509,-588,525
04-05-2010,ORL,ATL,114,71,1,NBA_2009/2010,usa/nba-2009-2010/orlando-magic-atlanta-hawks-IBvEBHiK/,-615,451,-526,468
02-05-2010,ATL,MIL,95,74,1,NBA_2009/2010,usa/nba-2009-2010/atlanta-hawks-milwaukee-bucks-OO9QMOC8/,-690,474,-588,498
30-04-2010,MIL,ATL,69,83,0,NBA_2009/2010,usa/nba-2009-2010/milwaukee-bucks-atlanta-hawks-6VDxKKvG/,103,-126,106,-116
28-04-2010,ATL,MIL,87,91,0,NBA_2009/2010,usa/nba-2009-2010/atlanta-hawks-milwaukee-bucks-rDpwR3Hu/,-690,451,-588,480
26-04-2010,MIL,ATL,111,104,1,NBA_2009/2010,usa/nba-2009-2010/milwaukee-bucks-atlanta-hawks-WrbCqZ0m/,112,-136,119,-132
24-04-2010,MIL,ATL,107,89,1,NBA_2009/2010,usa/nba-2009-2010/milwaukee-bucks-atlanta-hawks-xn4jWZof/,-121,-102,-116,104
20-04-2010,ATL,MIL,96,86,1,NBA_2009/2010,usa/nba-2009-2010/atlanta-hawks-milwaukee-bucks-6oE7xo39/,-396,313,-370,329
17-04-2010,ATL,MIL,102,92,1,NBA_2009/2010,usa/nba-2009-2010/atlanta-hawks-milwaukee-bucks-AR6DORY9/,-488,371,-455,397
14-04-2010,ATL,CLE,99,83,1,NBA_2009/2010,usa/nba-2009-2010/atlanta-hawks-cleveland-cavaliers-bBJzEViU/,-144,117,-135,120
12-04-2010,MIL,ATL,96,104,0,NBA_2009/2010,usa/nba-2009-2010/milwaukee-bucks-atlanta-hawks-4K8x1h8O/,101,-123,110,-120
10-04-2010,WSH,ATL,95,105,0,NBA_2009/2010,usa/nba-2009-2010/washington-wizards-atlanta-hawks-ABzgvkNG/,203,-248,214,-238
09-04-2010,ATL,TOR,107,101,1,NBA_2009/2010,usa/nba-2009-2010/atlanta-hawks-toronto-raptors-QJ2yxgRm/,-800,537,-769,569
07-04-2010,DET,ATL,90,88,1,NBA_2009/2010,usa/nba-2009-2010/detroit-pistons-atlanta-hawks-lUw8ckwP/,175,-213,199,-200
06-04-2010,CHA,ATL,109,100,1,NBA_2009/2010,usa/nba-2009-2010/charlotte-hornets-atlanta-hawks-0lHHarzN/,-202,166,-192,184
03-04-2010,ATL,DET,91,85,1,NBA_2009/2010,usa/nba-2009-2010/atlanta-hawks-detroit-pistons-UesLsOds/,-2222,1068,-1429,1200
02-04-2010,CLE,ATL,93,88,1,NBA_2009/2010,usa/nba-2009-2010/cleveland-cavaliers-atlanta-hawks-IuAQVibS/,-235,191,-222,197
31-03-2010,ATL,LAL,109,92,1,NBA_2009/2010,usa/nba-2009-2010/atlanta-hawks-los-angeles-lakers-UJeEBaGo/,-119,-103,-115,102
28-03-2010,ATL,IND,94,84,1,NBA_2009/2010,usa/nba-2009-2010/atlanta-hawks-indiana-pacers-tOOzdTAs/,-395,305,-385,320
26-03-2010,PHI,ATL,105,98,1,NBA_2009/2010,usa/nba-2009-2010/philadelphia-76ers-atlanta-hawks-EHtUzDlL/,183,-226,200,-217
24-03-2010,ATL,ORL,86,84,1,NBA_2009/2010,usa/nba-2009-2010/atlanta-hawks-orlando-magic-jeobPzJ5/,-127,105,-118,110
22-03-2010,MIL,ATL,98,95,1,NBA_2009/2010,usa/nba-2009-2010/milwaukee-bucks-atlanta-hawks-phkKDcZa/,-247,200,-222,210
21-03-2010,ATL,SA,119,114,1,NBA_2009/2010,usa/nba-2009-2010/atlanta-hawks-san-antonio-spurs-bDOQav50/,-162,136,-156,146
19-03-2010,ATL,CHA,93,92,1,NBA_2009/2010,usa/nba-2009-2010/atlanta-hawks-charlotte-hornets-S8Uzolpj/,-248,204,-222,220
17-03-2010,TOR,ATL,106,105,1,NBA_2009/2010,usa/nba-2009-2010/toronto-raptors-atlanta-hawks-fXsNuDNG/,-148,124,-137,129
16-03-2010,BKN,ATL,84,108,0,NBA_2009/2010,usa/nba-2009-2010/brooklyn-nets-atlanta-hawks-jVPyQXNT/,239,-299,269,-286
13-03-2010,ATL,DET,112,99,1,NBA_2009/2010,usa/nba-2009-2010/atlanta-hawks-detroit-pistons-4j7EGoZs/,-1200,750,-1000,925
11-03-2010,WSH,ATL,99,105,0,NBA_2009/2010,usa/nba-2009-2010/washington-wizards-atlanta-hawks-KWrHl314/,237,-299,242,-270
08-03-2010,NY,ATL,99,98,1,NBA_2009/2010,usa/nba-2009-2010/new-york-knicks-atlanta-hawks-A1snfUAU/,252,-312,260,-286
06-03-2010,MIA,ATL,100,94,1,NBA_2009/2010,usa/nba-2009-2010/miami-heat-atlanta-hawks-b7P2U3lk/,-131,107,-125,114
05-03-2010,ATL,GSW,127,122,1,NBA_2009/2010,usa/nba-2009-2010/atlanta-hawks-golden-state-warriors-QgLyGOl2/,-2500,1206,-2000,1300
03-03-2010,ATL,PHI,112,93,1,NBA_2009/2010,usa/nba-2009-2010/atlanta-hawks-philadelphia-76ers-IyjgLpgo/,-455,346,-417,369
01-03-2010,CHI,ATL,92,116,0,NBA_2009/2010,usa/nba-2009-2010/chicago-bulls-atlanta-hawks-t6ioXjnt/,-116,-106,-111,102
28-02-2010,ATL,MIL,106,102,1,NBA_2009/2010,usa/nba-2009-2010/atlanta-hawks-milwaukee-bucks-fVbfANlF/,-404,319,-370,338
26-02-2010,ATL,DAL,103,111,0,NBA_2009/2010,usa/nba-2009-2010/atlanta-hawks-dallas-mavericks-0UzqtCqO/,-155,131,-145,140
24-02-2010,ATL,MIN,98,92,1,NBA_2009/2010,usa/nba-2009-2010/atlanta-hawks-minnesota-timberwolves-bT8farON/,-1026,644,-1000,701
22-02-2010,UTAH,ATL,100,105,0,NBA_2009/2010,usa/nba-2009-2010/utah-jazz-atlanta-hawks-vmjelz4l/,-163,137,-154,145
21-02-2010,GSW,ATL,108,104,1,NBA_2009/2010,usa/nba-2009-2010/golden-state-warriors-atlanta-hawks-EeBEyHZl/,178,-217,195,-208
19-02-2010,PHX,ATL,88,80,1,NBA_2009/2010,usa/nba-2009-2010/phoenix-suns-atlanta-hawks-CWOiD7v3/,-184,157,-182,165
17-02-2010,LAC,ATL,92,110,0,NBA_2009/2010,usa/nba-2009-2010/los-angeles-clippers-atlanta-hawks-tM1WnWgf/,230,-290,252,-270
10-02-2010,ATL,MIA,76,94,0,NBA_2009/2010,usa/nba-2009-2010/atlanta-hawks-miami-heat-WUl9ITrn/,-305,240,-278,252
09-02-2010,MEM,ATL,94,108,0,NBA_2009/2010,usa/nba-2009-2010/memphis-grizzlies-atlanta-hawks-Uu3Wqy5D/,-105,-117,100,-108
05-02-2010,ATL,CHI,91,81,1,NBA_2009/2010,usa/nba-2009-2010/atlanta-hawks-chicago-bulls-M7kzKTVp/,-404,313,-385,334
03-02-2010,ATL,LAC,103,97,1,NBA_2009/2010,usa/nba-2009-2010/atlanta-hawks-los-angeles-clippers-8pgcIzAn/,-563,411,-526,426
02-02-2010,OKC,ATL,106,99,1,NBA_2009/2010,usa/nba-2009-2010/oklahoma-city-thunder-atlanta-hawks-l0CQNdnP/,-128,102,-125,104
30-01-2010,ORL,ATL,104,86,1,NBA_2009/2010,usa/nba-2009-2010/orlando-magic-atlanta-hawks-MLhnCKG9/,-234,193,-222,204
29-01-2010,ATL,BOS,100,91,1,NBA_2009/2010,usa/nba-2009-2010/atlanta-hawks-boston-celtics-67NlasX3/,-181,150,-169,152
27-01-2010,SA,ATL,105,90,1,NBA_2009/2010,usa/nba-2009-2010/san-antonio-spurs-atlanta-hawks-EaiCorIA/,-158,133,-152,136
25-01-2010,HOU,ATL,95,102,0,NBA_2009/2010,usa/nba-2009-2010/houston-rockets-atlanta-hawks-jeuFDc6R/,-117,-106,-114,100
22-01-2010,ATL,CHA,103,89,1,NBA_2009/2010,usa/nba-2009-2010/atlanta-hawks-charlotte-hornets-00cj0a5O/,-312,248,-278,265
20-01-2010,ATL,SAC,108,97,1,NBA_2009/2010,usa/nba-2009-2010/atlanta-hawks-sacramento-kings-CSvJz3iJ/,-571,424,-500,450
18-01-2010,ATL,OKC,91,94,0,NBA_2009/2010,usa/nba-2009-2010/atlanta-hawks-oklahoma-city-thunder-0rpBxYGk/,-253,208,-244,222
15-01-2010,ATL,PHX,102,101,1,NBA_2009/2010,usa/nba-2009-2010/atlanta-hawks-phoenix-suns-UmPVIJAA/,-244,197,-233,210
13-01-2010,ATL,WSH,94,82,1,NBA_2009/2010,usa/nba-2009-2010/atlanta-hawks-washington-wizards-h0oM2RZI/,-833,550,-714,600
11-01-2010,BOS,ATL,96,102,0,NBA_2009/2010,usa/nba-2009-2010/boston-celtics-atlanta-hawks-MNoFiAL0/,-183,152,-169,160
09-01-2010,ORL,ATL,113,81,1,NBA_2009/2010,usa/nba-2009-2010/orlando-magic-atlanta-hawks-jicTmyF8/,-169,142,-159,145
08-01-2010,ATL,BOS,93,85,1,NBA_2009/2010,usa/nba-2009-2010/atlanta-hawks-boston-celtics-6V9Wjk43/,-180,152,-172,161
06-01-2010,ATL,BKN,119,89,1,NBA_2009/2010,usa/nba-2009-2010/atlanta-hawks-brooklyn-nets-QPiOYzbO/,-1667,968,-1429,1125
04-01-2010,MIA,ATL,92,75,1,NBA_2009/2010,usa/nba-2009-2010/miami-heat-atlanta-hawks-tULKOaUa/,114,-136,120,-128
01-01-2010,ATL,NY,108,112,0,NBA_2009/2010,usa/nba-2009-2010/atlanta-hawks-new-york-knicks-G2jeIiHF/,-870,561,-714,600
30-12-2009,CLE,ATL,106,101,1,NBA_2009/2010,usa/nba-2009-2010/cleveland-cavaliers-atlanta-hawks-4GfbpDep/,-255,207,-244,218
29-12-2009,ATL,CLE,84,95,0,NBA_2009/2010,usa/nba-2009-2010/atlanta-hawks-cleveland-cavaliers-KvabfcJi/,-141,118,-139,125
26-12-2009,IND,ATL,98,110,0,NBA_2009/2010,usa/nba-2009-2010/indiana-pacers-atlanta-hawks-YmQ4vHHD/,219,-274,229,-263
23-12-2009,DEN,ATL,124,104,1,NBA_2009/2010,usa/nba-2009-2010/denver-nuggets-atlanta-hawks-dIRdjNA8/,-165,139,-154,145
22-12-2009,MIN,ATL,87,112,0,NBA_2009/2010,usa/nba-2009-2010/minnesota-timberwolves-atlanta-hawks-GWa4FtZe/,341,-444,350,-370
19-12-2009,CHI,ATL,101,98,1,NBA_2009/2010,usa/nba-2009-2010/chicago-bulls-atlanta-hawks-8pas8YLB/,169,-205,170,-192
18-12-2009,ATL,UTAH,96,83,1,NBA_2009/2010,usa/nba-2009-2010/atlanta-hawks-utah-jazz-tM3yachm/,-261,211,-244,217
16-12-2009,ATL,MEM,110,97,1,NBA_2009/2010,usa/nba-2009-2010/atlanta-hawks-memphis-grizzlies-G2OKwNGK/,-500,389,-476,409
13-12-2009,ATL,BKN,130,107,1,NBA_2009/2010,usa/nba-2009-2010/atlanta-hawks-brooklyn-nets-OA0wLMho/,-1111,736,-1000,816
11-12-2009,TOR,ATL,89,111,0,NBA_2009/2010,usa/nba-2009-2010/toronto-raptors-atlanta-hawks-juyI0S1C/,142,-169,145,-156
09-12-2009,ATL,CHI,118,83,1,NBA_2009/2010,usa/nba-2009-2010/atlanta-hawks-chicago-bulls-YmEvAalF/,-702,488,-588,520
05-12-2009,DAL,ATL,75,80,0,NBA_2009/2010,usa/nba-2009-2010/dallas-mavericks-atlanta-hawks-2DHsn5ji/,-230,187,-222,195
04-12-2009,ATL,NY,107,114,0,NBA_2009/2010,usa/nba-2009-2010/atlanta-hawks-new-york-knicks-U7iKSjpC/,-800,541,-714,600
02-12-2009,ATL,TOR,146,115,1,NBA_2009/2010,usa/nba-2009-2010/atlanta-hawks-toronto-raptors-jVFIKe1s/,-500,375,-455,396
29-11-2009,DET,ATL,94,88,1,NBA_2009/2010,usa/nba-2009-2010/detroit-pistons-atlanta-hawks-80NiLKWR/,229,-290,235,-286
27-11-2009,PHI,ATL,86,100,0,NBA_2009/2010,usa/nba-2009-2010/philadelphia-76ers-atlanta-hawks-IqEQ48tU/,188,-233,200,-217
26-11-2009,ATL,ORL,76,93,0,NBA_2009/2010,usa/nba-2009-2010/atlanta-hawks-orlando-magic-SfLD7AdB/,-160,134,-154,141
21-11-2009,NO,ATL,96,88,1,NBA_2009/2010,usa/nba-2009-2010/new-orleans-pelicans-atlanta-hawks-zXE747fp/,175,-214,181,-200
20-11-2009,ATL,HOU,105,103,1,NBA_2009/2010,usa/nba-2009-2010/atlanta-hawks-houston-rockets-8IQLjlQp/,-301,242,-278,252
18-11-2009,ATL,MIA,105,90,1,NBA_2009/2010,usa/nba-2009-2010/atlanta-hawks-miami-heat-nPJeLE8K/,-348,270,-323,285
16-11-2009,ATL,POR,99,95,1,NBA_2009/2010,usa/nba-2009-2010/atlanta-hawks-portland-trail-blazers-Aazafgdd/,-165,139,-159,145
14-11-2009,ATL,NO,121,98,1,NBA_2009/2010,usa/nba-2009-2010/atlanta-hawks-new-orleans-pelicans-lvsS1pb5/,-1081,681,-909,736
13-11-2009,BOS,ATL,86,97,0,NBA_2009/2010,usa/nba-2009-2010/boston-celtics-atlanta-hawks-lGIpoPDO/,-471,356,-435,369
11-11-2009,NY,ATL,101,114,0,NBA_2009/2010,usa/nba-2009-2010/new-york-knicks-atlanta-hawks-4APWwAFm/,176,-215,185,-196
07-11-2009,ATL,DEN,125,100,1,NBA_2009/2010,usa/nba-2009-2010/atlanta-hawks-denver-nuggets-AqnWHUs7/,-149,126,-143,135
06-11-2009,CHA,ATL,103,83,1,NBA_2009/2010,usa/nba-2009-2010/charlotte-hornets-atlanta-hawks-jkEu5ib1/,110,-132,120,-125
04-11-2009,SAC,ATL,105,113,0,NBA_2009/2010,usa/nba-2009-2010/sacramento-kings-atlanta-hawks-fuQ8YzAc/,206,-252,214,-233
03-11-2009,POR,ATL,91,97,0,NBA_2009/2010,usa/nba-2009-2010/portland-trail-blazers-atlanta-hawks-4Uoohad5/,-303,241,-278,245
01-11-2009,LAL,ATL,118,110,1,NBA_2009/2010,usa/nba-2009-2010/los-angeles-lakers-atlanta-hawks-0SHcIYz2/,-462,339,-400,375
30-10-2009,ATL,WSH,100,89,1,NBA_2009/2010,usa/nba-2009-2010/atlanta-hawks-washington-wizards-YafAGcmO/,-286,222,-286,229
28-10-2009,ATL,IND,120,109,1,NBA_2009/2010,usa/nba-2009-2010/atlanta-hawks-indiana-pacers-pb4um4XB/,-375,296,-345,300
23-10-2009,ORL,ATL,123,86,1,NBA_2009/2010,usa/nba-2009-2010/orlando-magic-atlanta-hawks-EBHduqFM/,-333,236,-333,252
22-10-2009,MIA,ATL,87,92,0,NBA_2009/2010,usa/nba-2009-2010/miami-heat-atlanta-hawks-jy1KNRSA/,100,-138,114,-133
19-10-2009,ATL,WSH,113,95,1,NBA_2009/2010,usa/nba-2009-2010/atlanta-hawks-washington-wizards-8IURjSQs/,-267,192,-250,195
14-10-2009,MEM,ATL,96,111,0,NBA_2009/2010,usa/nba-2009-2010/memphis-grizzlies-atlanta-hawks-2eUPaLfS/,-103,-132,-101,-122
12-10-2009,ATL,CHA,107,90,1,NBA_2009/2010,usa/nba-2009-2010/atlanta-hawks-charlotte-hornets-MyiNaLg0/,-278,200,-270,210
11-10-2009,DET,ATL,100,91,1,NBA_2009/2010,usa/nba-2009-2010/detroit-pistons-atlanta-hawks-x8o13QPB/,-167,122,-154,124
07-10-2009,ATL,NO,108,102,1,NBA_2009/2010,usa/nba-2009-2010/atlanta-hawks-new-orleans-pelicans-IksmOhHm/,-167,122,-167,135
11-05-2009,ATL,CLE,74,84,0,NBA_2008/2009,usa/nba-2008-2009/atlanta-hawks-cleveland-cavaliers-8nVYYGhi/,458,-698,475,-667
09-05-2009,ATL,CLE,82,97,0,NBA_2008/2009,usa/nba-2008-2009/atlanta-hawks-cleveland-cavaliers-pfsDEApG/,375,-455,400,-417
07-05-2009,CLE,ATL,105,85,1,NBA_2008/2009,usa/nba-2008-2009/cleveland-cavaliers-atlanta-hawks-dIQe2Cg8/,-1905,962,-1667,1000
05-05-2009,CLE,ATL,99,72,1,NBA_2008/2009,usa/nba-2008-2009/cleveland-cavaliers-atlanta-hawks-jeO4wTG7/,-1212,793,-1111,950
03-05-2009,ATL,MIA,91,78,1,NBA_2008/2009,usa/nba-2008-2009/atlanta-hawks-miami-heat-2Lv0ewAn/,-245,207,-244,235
01-05-2009,MIA,ATL,98,72,1,NBA_2008/2009,usa/nba-2008-2009/miami-heat-atlanta-hawks-dSLmFr47/,-205,174,-179,185
29-04-2009,ATL,MIA,106,91,1,NBA_2008/2009,usa/nba-2008-2009/atlanta-hawks-miami-heat-dQrDaFgk/,-286,234,-250,245
27-04-2009,MIA,ATL,71,81,0,NBA_2008/2009,usa/nba-2008-2009/miami-heat-atlanta-hawks-jXwTvFy3/,-219,179,-200,185
25-04-2009,MIA,ATL,107,78,1,NBA_2008/2009,usa/nba-2008-2009/miami-heat-atlanta-hawks-lIUQn877/,-189,159,-172,165
22-04-2009,ATL,MIA,93,108,0,NBA_2008/2009,usa/nba-2008-2009/atlanta-hawks-miami-heat-zckTo04h/,-220,185,-204,195
19-04-2009,ATL,MIA,90,64,1,NBA_2008/2009,usa/nba-2008-2009/atlanta-hawks-miami-heat-A1EUW0ka/,-204,173,-192,177
15-04-2009,MEM,ATL,98,90,1,NBA_2008/2009,usa/nba-2008-2009/memphis-grizzlies-atlanta-hawks-YFgi07pq/,-392,295,-385,300
14-04-2009,ATL,MIA,81,79,1,NBA_2008/2009,usa/nba-2008-2009/atlanta-hawks-miami-heat-6kDuzUKh/,-571,432,-476,475
10-04-2009,ATL,IND,122,118,1,NBA_2008/2009,usa/nba-2008-2009/atlanta-hawks-indiana-pacers-4K3bFVHL/,-234,191,-208,200
08-04-2009,MIL,ATL,105,113,0,NBA_2008/2009,usa/nba-2008-2009/milwaukee-bucks-atlanta-hawks-CKimPj4t/,-105,-123,100,-120
07-04-2009,TOR,ATL,110,118,0,NBA_2008/2009,usa/nba-2008-2009/toronto-raptors-atlanta-hawks-OCGYMXlN/,100,-129,100,-125
04-04-2009,ATL,ORL,82,88,0,NBA_2008/2009,usa/nba-2008-2009/atlanta-hawks-orlando-magic-6J8PSzuP/,102,-123,104,-114
03-04-2009,BOS,ATL,104,92,1,NBA_2008/2009,usa/nba-2008-2009/boston-celtics-atlanta-hawks-OEy7RsUc/,-204,173,-175,185
31-03-2009,PHI,ATL,98,85,1,NBA_2008/2009,usa/nba-2008-2009/philadelphia-76ers-atlanta-hawks-MkREN757/,-134,112,-133,125
29-03-2009,ATL,LAL,86,76,1,NBA_2008/2009,usa/nba-2008-2009/atlanta-hawks-los-angeles-lakers-6wF95WBG/,146,-175,154,-156
27-03-2009,ATL,BOS,93,99,0,NBA_2008/2009,usa/nba-2008-2009/atlanta-hawks-boston-celtics-0t07UjyT/,-103,-118,104,-106
25-03-2009,ATL,SA,92,102,0,NBA_2008/2009,usa/nba-2008-2009/atlanta-hawks-san-antonio-spurs-b1sw3wRi/,-280,228,-250,250
23-03-2009,ATL,MIN,109,97,1,NBA_2008/2009,usa/nba-2008-2009/atlanta-hawks-minnesota-timberwolves-vBkAd9VI/,-1000,678,-909,775
21-03-2009,CLE,ATL,102,96,1,NBA_2008/2009,usa/nba-2008-2009/cleveland-cavaliers-atlanta-hawks-O428qvGH/,-400,320,-345,350
19-03-2009,ATL,DAL,95,87,1,NBA_2008/2009,usa/nba-2008-2009/atlanta-hawks-dallas-mavericks-GCfI4qVg/,-241,198,-233,229
17-03-2009,ATL,SAC,119,97,1,NBA_2008/2009,usa/nba-2008-2009/atlanta-hawks-sacramento-kings-U5yv9YBB/,-1026,644,-909,719
15-03-2009,ATL,POR,98,80,1,NBA_2008/2009,usa/nba-2008-2009/atlanta-hawks-portland-trail-blazers-ET1EE5wd/,-186,158,-172,166
13-03-2009,ATL,IND,101,87,1,NBA_2008/2009,usa/nba-2008-2009/atlanta-hawks-indiana-pacers-rkZmMYT7/,-236,196,-227,204
11-03-2009,ATL,UTAH,100,93,1,NBA_2008/2009,usa/nba-2008-2009/atlanta-hawks-utah-jazz-2shqMQnD/,-125,102,-120,112
09-03-2009,ATL,NO,89,79,1,NBA_2008/2009,usa/nba-2008-2009/atlanta-hawks-new-orleans-pelicans-UHabwVgn/,100,-129,100,-125
07-03-2009,ATL,DET,87,83,1,NBA_2008/2009,usa/nba-2008-2009/atlanta-hawks-detroit-pistons-rkZRfCU8/,-139,117,-135,129
06-03-2009,CHA,ATL,98,91,1,NBA_2008/2009,usa/nba-2008-2009/charlotte-hornets-atlanta-hawks-KYfsKZxO/,-152,129,-132,144
04-03-2009,NY,ATL,109,105,1,NBA_2008/2009,usa/nba-2008-2009/new-york-knicks-atlanta-hawks-hYX09xtj/,104,-132,120,-125
02-03-2009,WSH,ATL,89,98,0,NBA_2008/2009,usa/nba-2008-2009/washington-wizards-atlanta-hawks-rLspJbRe/,153,-182,179,-167
01-03-2009,ATL,CLE,87,88,0,NBA_2008/2009,usa/nba-2008-2009/atlanta-hawks-cleveland-cavaliers-IPtzLy4C/,150,-177,165,-169
27-02-2009,ATL,MIA,91,83,1,NBA_2008/2009,usa/nba-2008-2009/atlanta-hawks-miami-heat-tvf4aF17/,-215,179,-200,193
25-02-2009,DEN,ATL,110,109,1,NBA_2008/2009,usa/nba-2008-2009/denver-nuggets-atlanta-hawks-IHWql6Hr/,-533,402,-500,450
23-02-2009,UTAH,ATL,108,89,1,NBA_2008/2009,usa/nba-2008-2009/utah-jazz-atlanta-hawks-vgpvRiim/,-354,287,-312,300
20-02-2009,POR,ATL,108,98,1,NBA_2008/2009,usa/nba-2008-2009/portland-trail-blazers-atlanta-hawks-fw2i3K6O/,-195,163,-182,175
18-02-2009,SAC,ATL,100,105,0,NBA_2008/2009,usa/nba-2008-2009/sacramento-kings-atlanta-hawks-ba4VIY16/,241,-292,250,-256
17-02-2009,LAL,ATL,96,83,1,NBA_2008/2009,usa/nba-2008-2009/los-angeles-lakers-atlanta-hawks-8ANjiqtH/,-465,347,-435,359
11-02-2009,DET,ATL,95,99,0,NBA_2008/2009,usa/nba-2008-2009/detroit-pistons-atlanta-hawks-KKgb191g/,-174,139,-172,145
10-02-2009,ATL,WSH,111,90,1,NBA_2008/2009,usa/nba-2008-2009/atlanta-hawks-washington-wizards-QD6n0WWT/,-444,352,-435,375
07-02-2009,ATL,LAC,97,121,0,NBA_2008/2009,usa/nba-2008-2009/atlanta-hawks-los-angeles-clippers-pnX8voq7/,-308,250,-303,260
06-02-2009,CHA,ATL,97,102,0,NBA_2008/2009,usa/nba-2008-2009/charlotte-hornets-atlanta-hawks-ED1qBgLS/,-104,-119,-104,-119
04-02-2009,MIN,ATL,86,94,0,NBA_2008/2009,usa/nba-2008-2009/minnesota-timberwolves-atlanta-hawks-nBmAj3Fc/,-133,108,-132,110
31-01-2009,MIL,ATL,110,107,1,NBA_2008/2009,usa/nba-2008-2009/milwaukee-bucks-atlanta-hawks-UDR7N2EK/,-120,-102,-119,100
30-01-2009,ATL,BKN,105,88,1,NBA_2008/2009,usa/nba-2008-2009/atlanta-hawks-brooklyn-nets-jX5N0FSR/,-351,259,-345,265
28-01-2009,NY,ATL,112,104,1,NBA_2008/2009,usa/nba-2008-2009/new-york-knicks-atlanta-hawks-I7yrUEKa/,-108,-114,-105,-111
26-01-2009,MIA,ATL,95,79,1,NBA_2008/2009,usa/nba-2008-2009/miami-heat-atlanta-hawks-YHARbv4l/,-163,135,-156,136
25-01-2009,ATL,PHX,99,104,0,NBA_2008/2009,usa/nba-2008-2009/atlanta-hawks-phoenix-suns-2DSHf8R3/,-183,150,-182,154
23-01-2009,ATL,MIL,117,87,1,NBA_2008/2009,usa/nba-2008-2009/atlanta-hawks-milwaukee-bucks-nwzewlJB/,-244,195,-244,200
20-01-2009,CHI,ATL,102,105,0,NBA_2008/2009,usa/nba-2008-2009/chicago-bulls-atlanta-hawks-YZocl0Bm/,-187,162,-185,165
19-01-2009,ATL,TOR,87,84,1,NBA_2008/2009,usa/nba-2008-2009/atlanta-hawks-toronto-raptors-rJWDT2Jk/,-303,245,-270,265
14-01-2009,LAC,ATL,80,97,0,NBA_2008/2009,usa/nba-2008-2009/los-angeles-clippers-atlanta-hawks-WrwRfvLI/,145,-182,145,-182
13-01-2009,PHX,ATL,107,102,1,NBA_2008/2009,usa/nba-2008-2009/phoenix-suns-atlanta-hawks-4nU9IPh8/,-333,268,-333,268
11-01-2009,ATL,PHI,94,109,0,NBA_2008/2009,usa/nba-2008-2009/atlanta-hawks-philadelphia-76ers-f1z4zZy5/,-278,215,-278,215
09-01-2009,ORL,ATL,121,87,1,NBA_2008/2009,usa/nba-2008-2009/orlando-magic-atlanta-hawks-UVxewJDF/,-208,165,-208,165
07-01-2009,ATL,ORL,102,106,0,NBA_2008/2009,usa/nba-2008-2009/atlanta-hawks-orlando-magic-UPyHmlK8/,-133,108,-133,108
03-01-2009,ATL,HOU,103,100,1,NBA_2008/2009,usa/nba-2008-2009/atlanta-hawks-houston-rockets-0tp1Ve5B/,-200,154,-200,154
02-01-2009,BKN,ATL,93,91,1,NBA_2008/2009,usa/nba-2008-2009/brooklyn-nets-atlanta-hawks-GW21YJqi/,152,-192,152,-192
29-12-2008,ATL,DEN,109,91,1,NBA_2008/2009,usa/nba-2008-2009/atlanta-hawks-denver-nuggets-lGP1Gz3g/,-222,175,-222,175
27-12-2008,ATL,CHI,129,117,1,NBA_2008/2009,usa/nba-2008-2009/atlanta-hawks-chicago-bulls-lUEkrZpq/,-769,450,-769,450
23-12-2008,ATL,OKC,99,88,1,NBA_2008/2009,usa/nba-2008-2009/atlanta-hawks-oklahoma-city-thunder-M5HTuY6j/,-1111,690,-1111,690
21-12-2008,ATL,DET,85,78,1,NBA_2008/2009,usa/nba-2008-2009/atlanta-hawks-detroit-pistons-bHmmjj8U/,-200,160,-200,160
19-12-2008,ATL,GSW,115,99,1,NBA_2008/2009,usa/nba-2008-2009/atlanta-hawks-golden-state-warriors-vcCxyNp1/,-833,465,-833,465
17-12-2008,ATL,BOS,85,88,0,NBA_2008/2009,usa/nba-2008-2009/atlanta-hawks-boston-celtics-tlsW8kKH/,125,-156,125,-156
15-12-2008,ATL,CHA,83,79,1,NBA_2008/2009,usa/nba-2008-2009/atlanta-hawks-charlotte-hornets-2TQn3NPf/,-455,334,-455,334
13-12-2008,ATL,CLE,97,92,1,NBA_2008/2009,usa/nba-2008-2009/atlanta-hawks-cleveland-cavaliers-bsDWF6QI/,145,-192,145,-192
12-12-2008,MIA,ATL,73,87,0,NBA_2008/2009,usa/nba-2008-2009/miami-heat-atlanta-hawks-b7OLgSFL/,-139,112,-139,112
10-12-2008,SA,ATL,95,89,1,NBA_2008/2009,usa/nba-2008-2009/san-antonio-spurs-atlanta-hawks-pKxPmBJP/,-278,225,-278,225
09-12-2008,HOU,ATL,92,84,1,NBA_2008/2009,usa/nba-2008-2009/houston-rockets-atlanta-hawks-ANVFRFh6/,-200,165,-200,165
06-12-2008,DAL,ATL,100,98,1,NBA_2008/2009,usa/nba-2008-2009/dallas-mavericks-atlanta-hawks-l0JFSt0H/,-250,195,-250,195
05-12-2008,ATL,NY,98,95,1,NBA_2008/2009,usa/nba-2008-2009/atlanta-hawks-new-york-knicks-IV9f1Tkt/,-833,470,-833,470
03-12-2008,ATL,MEM,105,95,1,NBA_2008/2009,usa/nba-2008-2009/atlanta-hawks-memphis-grizzlies-CKD6ziDB/,-476,340,-476,340
29-11-2008,WSH,ATL,98,102,0,NBA_2008/2009,usa/nba-2008-2009/washington-wizards-atlanta-hawks-AF5Vnv0G/,-128,104,-128,104
28-11-2008,TOR,ATL,93,88,1,NBA_2008/2009,usa/nba-2008-2009/toronto-raptors-atlanta-hawks-80trWKOR/,-244,204,-244,204
26-11-2008,ATL,MIL,102,96,1,NBA_2008/2009,usa/nba-2008-2009/atlanta-hawks-milwaukee-bucks-IDOWbnx1/,-345,277,-345,277
22-11-2008,CLE,ATL,110,96,1,NBA_2008/2009,usa/nba-2008-2009/cleveland-cavaliers-atlanta-hawks-tx9bOflf/,-833,600,-833,600
21-11-2008,ATL,CHA,88,83,1,NBA_2008/2009,usa/nba-2008-2009/atlanta-hawks-charlotte-hornets-YHEE35k1/,-357,295,-357,295
19-11-2008,ATL,WSH,91,87,1,NBA_2008/2009,usa/nba-2008-2009/atlanta-hawks-washington-wizards-jZ4dTPxC/,-357,252,-357,252
18-11-2008,IND,ATL,113,96,1,NBA_2008/2009,usa/nba-2008-2009/indiana-pacers-atlanta-hawks-Eij45ml8/,-154,127,-154,127
14-11-2008,BKN,ATL,115,108,1,NBA_2008/2009,usa/nba-2008-2009/brooklyn-nets-atlanta-hawks-C2EduAYn/,135,-167,135,-167
12-11-2008,BOS,ATL,103,102,1,NBA_2008/2009,usa/nba-2008-2009/boston-celtics-atlanta-hawks-4Y8FC9iP/,-833,525,-833,525
11-11-2008,CHI,ATL,108,113,0,NBA_2008/2009,usa/nba-2008-2009/chicago-bulls-atlanta-hawks-lbI9SOo3/,-185,148,-185,148
29-10-2008,ORL,ATL,85,99,0,NBA_2008/2009,usa/nba-2008-2009/orlando-magic-atlanta-hawks-jixf9wLn/,-400,295,-400,295
23-10-2008,DET,ATL,87,88,0,NBA_2008/2009,usa/nba-2008-2009/detroit-pistons-atlanta-hawks-v1lEBJvn/,-217,172,-217,172
20-10-2008,ATL,ORL,103,109,0,NBA_2008/2009,usa/nba-2008-2009/atlanta-hawks-orlando-magic-bg1SQvJG/,-108,-115,-108,-115
15-10-2008,ATL,PHX,100,102,0,NBA_2008/2009,usa/nba-2008-2009/atlanta-hawks-phoenix-suns-8hCz29sp/,-115,-108,-115,-108
13-10-2008,ATL,CHA,88,87,1,NBA_2008/2009,usa/nba-2008-2009/atlanta-hawks-charlotte-hornets-Cdm9Npn8/,-263,204,-263,204
